$hessian                                                                        
        0.0000000000   0.0000031918   0.0000013887  -0.0000000000  -0.0000009573
        0.0000004805  -0.0000000000  -0.0000022345  -0.0000018692
        0.0000031918   0.6095934917  -0.0000003675  -0.0000008127  -0.3047960338
        0.2243769124  -0.0000023791  -0.3047974579  -0.2243765449
        0.0000013887  -0.0000003675   0.3978477578   0.0000002636   0.1829545270
       -0.1989245889  -0.0000016523  -0.1829541595  -0.1989231688
       -0.0000000000  -0.0000008127   0.0000002636   0.0000000000   0.0000010619
       -0.0000004309  -0.0000000000  -0.0000002493   0.0000001673
       -0.0000009573  -0.3047960338   0.1829545270   0.0000010619   0.3385945080
       -0.2036658082  -0.0000001047  -0.0337984742   0.0207112813
        0.0000004805   0.2243769124  -0.1989245889  -0.0000004309  -0.2036658082
        0.1820503363  -0.0000000495  -0.0207111042   0.0168742526
       -0.0000000000  -0.0000023791  -0.0000016523  -0.0000000000  -0.0000001047
       -0.0000000495   0.0000000000   0.0000024838   0.0000017019
       -0.0000022345  -0.3047974579  -0.1829541595  -0.0000002493  -0.0337984742
       -0.0207111042   0.0000024838   0.3385959321   0.2036652637
       -0.0000018692  -0.2243765449  -0.1989231688   0.0000001673   0.0207112813
        0.0168742526   0.0000017019   0.2036652637   0.1820489162
