#   index    LocalEnergy         LocalEnergy_sq      LocalPotential      Kinetic             ElecElec            IonElec             IonIon              BlockWeight         BlockCPU            AcceptRatio         
         0   -2.0820968921e+00    4.4836139488e+00   -4.7901316810e+00    2.7080347889e+00    1.7994772381e+00   -8.4616235138e+00    1.8720145947e+00    1.4000000000e+03    1.0406000000e-02    9.8375000000e-01
         1   -2.0974845248e+00    4.5237358656e+00   -4.2406300393e+00    2.1431455145e+00    1.7456554035e+00   -7.8583000374e+00    1.8720145947e+00    1.4000000000e+03    9.3840000000e-03    9.8803571429e-01
         2   -2.1756852182e+00    4.8762388352e+00   -4.2456126875e+00    2.0699274693e+00    1.8315647611e+00   -7.9491920432e+00    1.8720145947e+00    1.4000000000e+03    1.0238000000e-02    9.8696428571e-01
         3   -2.1490814238e+00    4.7929112376e+00   -4.1532397131e+00    2.0041582893e+00    1.8532616919e+00   -7.8785159996e+00    1.8720145947e+00    1.4000000000e+03    1.0306000000e-02    9.8892857143e-01
         4   -2.0798236197e+00    4.4827875103e+00   -4.4008178795e+00    2.3209942598e+00    1.8074941504e+00   -8.0803266245e+00    1.8720145947e+00    1.4000000000e+03    1.0447000000e-02    9.8839285714e-01
         5   -2.1232166240e+00    4.6740576379e+00   -4.1763535388e+00    2.0531369148e+00    1.7597452988e+00   -7.8081134322e+00    1.8720145947e+00    1.4000000000e+03    1.0601000000e-02    9.8642857143e-01
         6   -2.1568892274e+00    4.8066442348e+00   -4.2289021024e+00    2.0720128751e+00    1.7709785087e+00   -7.8718952058e+00    1.8720145947e+00    1.4000000000e+03    1.0440000000e-02    9.8946428571e-01
         7   -2.1084588136e+00    4.5932433459e+00   -4.4387678203e+00    2.3303090068e+00    1.8659863264e+00   -8.1767687413e+00    1.8720145947e+00    1.4000000000e+03    1.0032000000e-02    9.8732142857e-01
         8   -2.1788980143e+00    4.8729853920e+00   -4.1675765949e+00    1.9886785806e+00    1.7202211898e+00   -7.7598123793e+00    1.8720145947e+00    1.4000000000e+03    1.0375000000e-02    9.8732142857e-01
         9   -2.1291167485e+00    4.6688718185e+00   -4.0941844944e+00    1.9650677460e+00    1.8092513465e+00   -7.7754504356e+00    1.8720145947e+00    1.4000000000e+03    1.0194000000e-02    9.8982142857e-01
        10   -2.1532676699e+00    4.7520194772e+00   -4.0902713917e+00    1.9370037218e+00    1.8327294848e+00   -7.7950154712e+00    1.8720145947e+00    1.4000000000e+03    1.0292000000e-02    9.8928571429e-01
        11   -2.1050142236e+00    4.6027376144e+00   -4.7155420769e+00    2.6105278533e+00    1.8661295961e+00   -8.4536862676e+00    1.8720145947e+00    1.4000000000e+03    1.0302000000e-02    9.8303571429e-01
        12   -2.1642635444e+00    4.8257033498e+00   -4.1915509485e+00    2.0272874041e+00    1.7253766563e+00   -7.7889421995e+00    1.8720145947e+00    1.4000000000e+03    1.0333000000e-02    9.8857142857e-01
        13   -2.1294747678e+00    4.7130389840e+00   -4.3456903138e+00    2.2162155460e+00    1.8207265455e+00   -8.0384314539e+00    1.8720145947e+00    1.4000000000e+03    9.9880000000e-03    9.8678571429e-01
        14   -2.1188583434e+00    4.6274122449e+00   -4.2751737965e+00    2.1563154531e+00    1.7790044936e+00   -7.9261928848e+00    1.8720145947e+00    1.4000000000e+03    1.0421000000e-02    9.9107142857e-01
        15   -2.0633146095e+00    4.3916637497e+00   -4.2329689793e+00    2.1696543698e+00    1.8193797144e+00   -7.9243632884e+00    1.8720145947e+00    1.4000000000e+03    9.9720000000e-03    9.8625000000e-01
        16   -2.0707315096e+00    4.4438849182e+00   -4.1783780429e+00    2.1076465333e+00    1.8873525421e+00   -7.9377451796e+00    1.8720145947e+00    1.4000000000e+03    1.0112000000e-02    9.8892857143e-01
        17   -2.1531117322e+00    4.7835568315e+00   -4.6152277246e+00    2.4621159924e+00    1.8342604340e+00   -8.3215027532e+00    1.8720145947e+00    1.4000000000e+03    8.5920000000e-03    9.8785714286e-01
        18   -2.0946034065e+00    4.5256975613e+00   -4.4452064993e+00    2.3506030928e+00    1.7913257555e+00   -8.1085468494e+00    1.8720145947e+00    1.4000000000e+03    8.2830000000e-03    9.9017857143e-01
        19   -2.0611907079e+00    4.4409219500e+00   -4.2225845424e+00    2.1613938345e+00    1.8316677834e+00   -7.9262669204e+00    1.8720145947e+00    1.4000000000e+03    1.0044000000e-02    9.8928571429e-01
        20   -2.0740888819e+00    4.4471040010e+00   -4.1591226334e+00    2.0850337515e+00    1.8341092418e+00   -7.8652464699e+00    1.8720145947e+00    1.4000000000e+03    1.0299000000e-02    9.8964285714e-01
        21   -2.1236978247e+00    4.6513225814e+00   -4.4252168328e+00    2.3015190081e+00    1.8370665354e+00   -8.1342979629e+00    1.8720145947e+00    1.4000000000e+03    1.0610000000e-02    9.8892857143e-01
        22   -2.0580375181e+00    4.3821510926e+00   -4.2710259185e+00    2.2129884004e+00    1.8443655150e+00   -7.9874060282e+00    1.8720145947e+00    1.4000000000e+03    1.0705000000e-02    9.8803571429e-01
        23   -2.1261663028e+00    4.6667423020e+00   -4.1791931579e+00    2.0530268551e+00    1.8422445649e+00   -7.8934523175e+00    1.8720145947e+00    1.4000000000e+03    1.0497000000e-02    9.8767857143e-01
        24   -2.1364113599e+00    4.6760879743e+00   -4.3012536398e+00    2.1648422799e+00    1.8641278232e+00   -8.0373960576e+00    1.8720145947e+00    1.4000000000e+03    1.0015000000e-02    9.8750000000e-01
        25   -2.1994120912e+00    5.0167468164e+00   -4.3921995995e+00    2.1927875083e+00    1.8074282237e+00   -8.0716424179e+00    1.8720145947e+00    1.4000000000e+03    1.0032000000e-02    9.8803571429e-01
        26   -2.1619953682e+00    4.8262718066e+00   -4.4225315226e+00    2.2605361543e+00    1.8281583489e+00   -8.1227044661e+00    1.8720145947e+00    1.4000000000e+03    1.0805000000e-02    9.8767857143e-01
        27   -2.1071025208e+00    4.6000554652e+00   -4.1019084144e+00    1.9948058936e+00    1.8446040282e+00   -7.8185270372e+00    1.8720145947e+00    1.4000000000e+03    1.0449000000e-02    9.9214285714e-01
        28   -2.1312225753e+00    4.7378021953e+00   -4.4407044239e+00    2.3094818486e+00    1.8567883524e+00   -8.1695073709e+00    1.8720145947e+00    1.4000000000e+03    1.0575000000e-02    9.8571428571e-01
        29   -2.1751885619e+00    4.8898038700e+00   -4.4842351142e+00    2.3090465523e+00    1.8736537318e+00   -8.2299034406e+00    1.8720145947e+00    1.4000000000e+03    8.0640000000e-03    9.8732142857e-01
        30   -2.1024891837e+00    4.5508652972e+00   -4.6557842302e+00    2.5532950465e+00    1.9350134618e+00   -8.4628122866e+00    1.8720145947e+00    1.4000000000e+03    9.0080000000e-03    9.8982142857e-01
        31   -2.0991001776e+00    4.5776983875e+00   -4.3594658921e+00    2.2603657145e+00    1.6904839002e+00   -7.9219643869e+00    1.8720145947e+00    1.4000000000e+03    1.0247000000e-02    9.8839285714e-01
        32   -2.1384837264e+00    4.7100787827e+00   -4.2842560662e+00    2.1457723398e+00    1.7206316937e+00   -7.8769023545e+00    1.8720145947e+00    1.4000000000e+03    1.0409000000e-02    9.8946428571e-01
        33   -2.1935824064e+00    4.9653044266e+00   -4.0591971829e+00    1.8656147764e+00    1.8398899845e+00   -7.7711017621e+00    1.8720145947e+00    1.4000000000e+03    1.0609000000e-02    9.9035714286e-01
        34   -2.1611898694e+00    4.8148466676e+00   -4.0580919485e+00    1.8969020792e+00    1.8165751362e+00   -7.7466816794e+00    1.8720145947e+00    1.4000000000e+03    1.0422000000e-02    9.8946428571e-01
        35   -2.0968818209e+00    4.5611816878e+00   -4.2064599720e+00    2.1095781510e+00    1.7736200742e+00   -7.8520946409e+00    1.8720145947e+00    1.4000000000e+03    1.0676000000e-02    9.8910714286e-01
        36   -2.1710145060e+00    4.8484209734e+00   -4.2302237704e+00    2.0592092643e+00    1.8004488922e+00   -7.9026872572e+00    1.8720145947e+00    1.4000000000e+03    1.0413000000e-02    9.8982142857e-01
        37   -2.1241142435e+00    4.6942776728e+00   -4.1321853801e+00    2.0080711366e+00    1.8383330507e+00   -7.8425330255e+00    1.8720145947e+00    1.4000000000e+03    1.0543000000e-02    9.9125000000e-01
        38   -2.1622282401e+00    4.8214033640e+00   -4.6060621853e+00    2.4438339452e+00    1.8958711065e+00   -8.3739478865e+00    1.8720145947e+00    1.4000000000e+03    1.0398000000e-02    9.8517857143e-01
        39   -2.0353031855e+00    4.3574830695e+00   -4.5770033529e+00    2.5417001673e+00    1.9969169446e+00   -8.4459348921e+00    1.8720145947e+00    1.4000000000e+03    1.0307000000e-02    9.8589285714e-01
        40   -2.1907572112e+00    4.9925603868e+00   -4.2333738988e+00    2.0426166876e+00    1.8881003787e+00   -7.9934888721e+00    1.8720145947e+00    1.4000000000e+03    1.0364000000e-02    9.8946428571e-01
        41   -2.1549315382e+00    4.7860859155e+00   -4.0055775789e+00    1.8506460407e+00    1.7023397503e+00   -7.5799319238e+00    1.8720145947e+00    1.4000000000e+03    1.0293000000e-02    9.9142857143e-01
        42   -2.1912716410e+00    4.9490971797e+00   -4.2033236135e+00    2.0120519725e+00    1.7199263367e+00   -7.7952645449e+00    1.8720145947e+00    1.4000000000e+03    1.0323000000e-02    9.8660714286e-01
        43   -2.1592483865e+00    4.8113595184e+00   -4.5715418111e+00    2.4122934246e+00    1.7661814810e+00   -8.2097378867e+00    1.8720145947e+00    1.4000000000e+03    1.0310000000e-02    9.8625000000e-01
        44   -2.1079138340e+00    4.6217004787e+00   -4.1695501994e+00    2.0616363654e+00    1.7791324822e+00   -7.8206972763e+00    1.8720145947e+00    1.4000000000e+03    1.0531000000e-02    9.8571428571e-01
        45   -2.1152163772e+00    4.6330329076e+00   -4.3053355973e+00    2.1901192200e+00    1.7093469125e+00   -7.8866971044e+00    1.8720145947e+00    1.4000000000e+03    9.7830000000e-03    9.8750000000e-01
        46   -2.0972279860e+00    4.5363698201e+00   -4.3402905854e+00    2.2430625995e+00    1.8380808919e+00   -8.0503860720e+00    1.8720145947e+00    1.4000000000e+03    1.0300000000e-02    9.8875000000e-01
        47   -2.0961502061e+00    4.5380088902e+00   -4.2372356323e+00    2.1410854262e+00    1.8986448903e+00   -8.0078951172e+00    1.8720145947e+00    1.4000000000e+03    1.0544000000e-02    9.8714285714e-01
        48   -2.1041731903e+00    4.5798422386e+00   -3.9631386135e+00    1.8589654232e+00    1.8810481822e+00   -7.7162013904e+00    1.8720145947e+00    1.4000000000e+03    1.0215000000e-02    9.8928571429e-01
        49   -2.1023110402e+00    4.5481208051e+00   -4.2443993763e+00    2.1420883361e+00    1.8047048623e+00   -7.9211188333e+00    1.8720145947e+00    1.4000000000e+03    1.0437000000e-02    9.8857142857e-01
        50   -2.1553629659e+00    4.7846148890e+00   -4.3078155287e+00    2.1524525628e+00    1.8363449714e+00   -8.0161750947e+00    1.8720145947e+00    1.4000000000e+03    1.0360000000e-02    9.8517857143e-01
        51   -2.1370497402e+00    4.7159140159e+00   -4.4193611155e+00    2.2823113752e+00    1.9392066736e+00   -8.2305823837e+00    1.8720145947e+00    1.4000000000e+03    1.0491000000e-02    9.8910714286e-01
        52   -2.1341260428e+00    4.7509057421e+00   -4.2916139816e+00    2.1574879388e+00    1.8371247024e+00   -8.0007532787e+00    1.8720145947e+00    1.4000000000e+03    1.0338000000e-02    9.8535714286e-01
        53   -2.0688661481e+00    4.3940846796e+00   -3.9972717335e+00    1.9284055854e+00    1.7817801113e+00   -7.6510664395e+00    1.8720145947e+00    1.4000000000e+03    1.0519000000e-02    9.8625000000e-01
        54   -2.1013592993e+00    4.5294438482e+00   -4.2859329002e+00    2.1845736008e+00    1.6609309410e+00   -7.8188784358e+00    1.8720145947e+00    1.4000000000e+03    1.0448000000e-02    9.8928571429e-01
        55   -2.1724294317e+00    4.8734579885e+00   -4.4064936595e+00    2.2340642277e+00    1.8400469999e+00   -8.1185552541e+00    1.8720145947e+00    1.4000000000e+03    1.0408000000e-02    9.8892857143e-01
        56   -2.1957971275e+00    4.9793199345e+00   -4.1924578007e+00    1.9966606732e+00    1.7833122284e+00   -7.8477846238e+00    1.8720145947e+00    1.4000000000e+03    1.0351000000e-02    9.9035714286e-01
        57   -2.1915154379e+00    4.9771823080e+00   -4.1383116683e+00    1.9467962304e+00    1.8044706770e+00   -7.8147969400e+00    1.8720145947e+00    1.4000000000e+03    1.0387000000e-02    9.8642857143e-01
        58   -2.1364201254e+00    4.7078515523e+00   -3.9250521842e+00    1.7886320588e+00    1.7989603777e+00   -7.5960271565e+00    1.8720145947e+00    1.4000000000e+03    1.0668000000e-02    9.9035714286e-01
        59   -2.1388226161e+00    4.7082849861e+00   -4.2877487021e+00    2.1489260860e+00    1.7567684024e+00   -7.9165316991e+00    1.8720145947e+00    1.4000000000e+03    1.0320000000e-02    9.8410714286e-01
        60   -2.0793509536e+00    4.4472792236e+00   -4.1909516934e+00    2.1116007399e+00    1.8741282023e+00   -7.9370944903e+00    1.8720145947e+00    1.4000000000e+03    1.0553000000e-02    9.9017857143e-01
        61   -2.1382772364e+00    4.7080762447e+00   -4.4950036662e+00    2.3567264298e+00    1.7533786257e+00   -8.1203968866e+00    1.8720145947e+00    1.4000000000e+03    1.0466000000e-02    9.8607142857e-01
        62   -2.0997730168e+00    4.5537134828e+00   -3.9337059721e+00    1.8339329553e+00    1.7568103383e+00   -7.5625309050e+00    1.8720145947e+00    1.4000000000e+03    1.0169000000e-02    9.8678571429e-01
        63   -2.1347270729e+00    4.6984212034e+00   -3.8432648248e+00    1.7085377519e+00    1.8266516984e+00   -7.5419311178e+00    1.8720145947e+00    1.4000000000e+03    1.0349000000e-02    9.8928571429e-01
        64   -2.1136888400e+00    4.5901553201e+00   -4.1744468107e+00    2.0607579708e+00    1.7578688639e+00   -7.8043302693e+00    1.8720145947e+00    1.4000000000e+03    1.0367000000e-02    9.8892857143e-01
        65   -2.1273369910e+00    4.6837548144e+00   -4.2284076639e+00    2.1010706728e+00    1.9600907450e+00   -8.0605130035e+00    1.8720145947e+00    1.4000000000e+03    1.0346000000e-02    9.9017857143e-01
        66   -2.0726092783e+00    4.4053555960e+00   -4.1356425367e+00    2.0630332584e+00    1.8966254298e+00   -7.9042825612e+00    1.8720145947e+00    1.4000000000e+03    1.0514000000e-02    9.8928571429e-01
        67   -2.2116399706e+00    5.0864486808e+00   -4.1183853983e+00    1.9067454277e+00    1.9057184757e+00   -7.8961184687e+00    1.8720145947e+00    1.4000000000e+03    1.0361000000e-02    9.8607142857e-01
        68   -2.2075180205e+00    5.0479925169e+00   -4.0743425599e+00    1.8668245394e+00    1.8090871144e+00   -7.7554442690e+00    1.8720145947e+00    1.4000000000e+03    1.0488000000e-02    9.8660714286e-01
        69   -2.1434086465e+00    4.7410326064e+00   -4.1629160191e+00    2.0195073726e+00    1.8158731412e+00   -7.8508037549e+00    1.8720145947e+00    1.4000000000e+03    1.0292000000e-02    9.8875000000e-01
        70   -2.1218070522e+00    4.6874139366e+00   -4.2842317255e+00    2.1624246733e+00    1.8055292020e+00   -7.9617755222e+00    1.8720145947e+00    1.4000000000e+03    1.0554000000e-02    9.8803571429e-01
        71   -2.0221116648e+00    4.3559254828e+00   -4.4591175998e+00    2.4370059349e+00    1.8445247056e+00   -8.1756569001e+00    1.8720145947e+00    1.4000000000e+03    1.0134000000e-02    9.8482142857e-01
        72   -1.9807793684e+00    4.1802873108e+00   -4.2296156685e+00    2.2488363001e+00    1.8130894965e+00   -7.9147197597e+00    1.8720145947e+00    1.4000000000e+03    1.0387000000e-02    9.8500000000e-01
        73   -2.1608753647e+00    4.8048281159e+00   -4.4870624012e+00    2.3261870365e+00    1.8546113105e+00   -8.2136883063e+00    1.8720145947e+00    1.4000000000e+03    1.0371000000e-02    9.8642857143e-01
        74   -2.1679243845e+00    4.8285980787e+00   -4.5310439833e+00    2.3631195988e+00    1.9057567978e+00   -8.3088153757e+00    1.8720145947e+00    1.4000000000e+03    1.0310000000e-02    9.8946428571e-01
        75   -2.0988976387e+00    4.5460548432e+00   -4.5821851125e+00    2.4832874738e+00    1.8452015955e+00   -8.2994013026e+00    1.8720145947e+00    1.4000000000e+03    1.0474000000e-02    9.8964285714e-01
        76   -2.1181188864e+00    4.7045311321e+00   -4.2928242203e+00    2.1747053339e+00    1.8861317494e+00   -8.0509705643e+00    1.8720145947e+00    1.4000000000e+03    1.0491000000e-02    9.8642857143e-01
        77   -2.0728166348e+00    4.4782204120e+00   -4.3369643464e+00    2.2641477116e+00    1.9506155759e+00   -8.1595945170e+00    1.8720145947e+00    1.4000000000e+03    1.0264000000e-02    9.8571428571e-01
        78   -2.0465110678e+00    4.3358126308e+00   -4.2251171658e+00    2.1786060980e+00    1.9673864912e+00   -8.0645182517e+00    1.8720145947e+00    1.4000000000e+03    1.0479000000e-02    9.8857142857e-01
        79   -2.1439998802e+00    4.7235896288e+00   -4.2958257148e+00    2.1518258346e+00    1.8008856171e+00   -7.9687259265e+00    1.8720145947e+00    1.4000000000e+03    1.0317000000e-02    9.8571428571e-01
        80   -2.1363053662e+00    4.7096483662e+00   -4.1888868127e+00    2.0525814465e+00    1.8326942369e+00   -7.8935956443e+00    1.8720145947e+00    1.4000000000e+03    1.0510000000e-02    9.8625000000e-01
        81   -2.1130293315e+00    4.6014420746e+00   -4.5068467414e+00    2.3938174098e+00    1.7698487692e+00   -8.1487101052e+00    1.8720145947e+00    1.4000000000e+03    1.0385000000e-02    9.8589285714e-01
        82   -2.1543793007e+00    4.7813891418e+00   -4.0593587342e+00    1.9049794334e+00    1.7397860196e+00   -7.6711593484e+00    1.8720145947e+00    1.4000000000e+03    1.0353000000e-02    9.8696428571e-01
        83   -2.0563186435e+00    4.3713313148e+00   -4.1200578437e+00    2.0637392002e+00    1.8202962933e+00   -7.8123687316e+00    1.8720145947e+00    1.4000000000e+03    1.0424000000e-02    9.8767857143e-01
        84   -2.1480077474e+00    4.7538594430e+00   -4.3335115857e+00    2.1855038383e+00    1.8639648915e+00   -8.0694910719e+00    1.8720145947e+00    1.4000000000e+03    1.0158000000e-02    9.8714285714e-01
        85   -2.0937641442e+00    4.5383294454e+00   -4.5233103555e+00    2.4295462113e+00    1.8628854762e+00   -8.2582104264e+00    1.8720145947e+00    1.4000000000e+03    1.0474000000e-02    9.8232142857e-01
        86   -2.0518591019e+00    4.3605458653e+00   -4.4151969811e+00    2.3633378792e+00    1.8099546031e+00   -8.0971661789e+00    1.8720145947e+00    1.4000000000e+03    1.0140000000e-02    9.8750000000e-01
        87   -2.1163106782e+00    4.6147331211e+00   -4.3131105397e+00    2.1967998615e+00    1.8233606806e+00   -8.0084858150e+00    1.8720145947e+00    1.4000000000e+03    1.0905000000e-02    9.8892857143e-01
        88   -2.1514097738e+00    4.7996536144e+00   -4.3152152562e+00    2.1638054824e+00    1.8267379393e+00   -8.0139677901e+00    1.8720145947e+00    1.4000000000e+03    1.0306000000e-02    9.9000000000e-01
        89   -2.1970318331e+00    4.9780284877e+00   -4.0354394510e+00    1.8384076179e+00    1.8338281533e+00   -7.7412821989e+00    1.8720145947e+00    1.4000000000e+03    1.0204000000e-02    9.8875000000e-01
        90   -2.2035234823e+00    5.0327270516e+00   -4.1189143233e+00    1.9153908410e+00    1.7551774041e+00   -7.7461063221e+00    1.8720145947e+00    1.4000000000e+03    1.0455000000e-02    9.8535714286e-01
        91   -2.1099395472e+00    4.5875386297e+00   -4.3115994271e+00    2.2016598799e+00    1.8795345753e+00   -8.0631485970e+00    1.8720145947e+00    1.4000000000e+03    9.9910000000e-03    9.8589285714e-01
        92   -2.0906864432e+00    4.5199062668e+00   -4.6173794898e+00    2.5266930466e+00    1.7787905094e+00   -8.2681845939e+00    1.8720145947e+00    1.4000000000e+03    1.0310000000e-02    9.8410714286e-01
        93   -2.0807873498e+00    4.5145360704e+00   -4.2348401970e+00    2.1540528472e+00    1.8172736304e+00   -7.9241284220e+00    1.8720145947e+00    1.4000000000e+03    1.0271000000e-02    9.8928571429e-01
        94   -2.1803987118e+00    4.9313714293e+00   -4.3204351949e+00    2.1400364831e+00    1.7728326975e+00   -7.9652824871e+00    1.8720145947e+00    1.4000000000e+03    1.0217000000e-02    9.8964285714e-01
        95   -2.1593152598e+00    4.8450357831e+00   -4.7503442132e+00    2.5910289534e+00    1.8274739986e+00   -8.4498328064e+00    1.8720145947e+00    1.4000000000e+03    1.0414000000e-02    9.8660714286e-01
        96   -2.1776662803e+00    4.8766368825e+00   -4.1382058088e+00    1.9605395285e+00    1.7375174295e+00   -7.7477378330e+00    1.8720145947e+00    1.4000000000e+03    1.0331000000e-02    9.8732142857e-01
        97   -2.1013780120e+00    4.5919212714e+00   -4.2999146292e+00    2.1985366171e+00    1.9064804546e+00   -8.0784096784e+00    1.8720145947e+00    1.4000000000e+03    1.0485000000e-02    9.8428571429e-01
        98   -2.1081587225e+00    4.5816775652e+00   -4.1845154008e+00    2.0763566783e+00    1.8612084535e+00   -7.9177384489e+00    1.8720145947e+00    1.4000000000e+03    1.0385000000e-02    9.8785714286e-01
        99   -2.1367461399e+00    4.7034104982e+00   -4.2646364177e+00    2.1278902778e+00    1.9627111995e+00   -8.0993622118e+00    1.8720145947e+00    1.4000000000e+03    9.3660000000e-03    9.9000000000e-01
       100   -2.1466584953e+00    4.7300579089e+00   -4.2867436792e+00    2.1400851839e+00    1.8215523716e+00   -7.9803106454e+00    1.8720145947e+00    1.4000000000e+03    9.4600000000e-03    9.8964285714e-01
       101   -2.0960833539e+00    4.5374086981e+00   -4.2412755484e+00    2.1451921945e+00    1.7674472123e+00   -7.8807373554e+00    1.8720145947e+00    1.4000000000e+03    1.0366000000e-02    9.8785714286e-01
       102   -2.0702340641e+00    4.4034914634e+00   -4.2718919831e+00    2.2016579190e+00    1.7588775182e+00   -7.9027840960e+00    1.8720145947e+00    1.4000000000e+03    1.0310000000e-02    9.8750000000e-01
       103   -2.1706390999e+00    4.8322333370e+00   -3.8831822584e+00    1.7125431585e+00    1.7770497439e+00   -7.5322465970e+00    1.8720145947e+00    1.4000000000e+03    1.0346000000e-02    9.8964285714e-01
       104   -2.1256606388e+00    4.6562860378e+00   -4.1320240153e+00    2.0063633766e+00    1.8120631435e+00   -7.8161017535e+00    1.8720145947e+00    1.4000000000e+03    1.0408000000e-02    9.8714285714e-01
       105   -2.1485741494e+00    4.7603813218e+00   -4.0961454039e+00    1.9475712545e+00    1.7787401462e+00   -7.7469001447e+00    1.8720145947e+00    1.4000000000e+03    1.0100000000e-02    9.8821428571e-01
       106   -2.0963144962e+00    4.5132471878e+00   -3.9953552849e+00    1.8990407888e+00    1.8212309458e+00   -7.6886008254e+00    1.8720145947e+00    1.4000000000e+03    1.0057000000e-02    9.9000000000e-01
       107   -2.1317178319e+00    4.6894883079e+00   -4.0785176437e+00    1.9467998118e+00    1.8828841820e+00   -7.8334164204e+00    1.8720145947e+00    1.4000000000e+03    1.0425000000e-02    9.8928571429e-01
       108   -2.1578559092e+00    4.8361819962e+00   -4.0611839216e+00    1.9033280124e+00    1.7842426644e+00   -7.7174411807e+00    1.8720145947e+00    1.4000000000e+03    1.0153000000e-02    9.8750000000e-01
       109   -2.1471357576e+00    4.7792097711e+00   -4.1752177747e+00    2.0280820171e+00    1.9205159862e+00   -7.9677483555e+00    1.8720145947e+00    1.4000000000e+03    1.0613000000e-02    9.8892857143e-01
       110   -2.1350623044e+00    4.6850571712e+00   -4.2674177477e+00    2.1323554433e+00    1.7105169724e+00   -7.8499493148e+00    1.8720145947e+00    1.4000000000e+03    1.0097000000e-02    9.8696428571e-01
       111   -2.0753364071e+00    4.4484969022e+00   -4.1815673665e+00    2.1062309594e+00    1.7814771904e+00   -7.8350591516e+00    1.8720145947e+00    1.4000000000e+03    1.0028000000e-02    9.8803571429e-01
       112   -2.1385497690e+00    4.7317523576e+00   -4.5358487592e+00    2.3972989903e+00    1.7859394329e+00   -8.1938027867e+00    1.8720145947e+00    1.4000000000e+03    1.0120000000e-02    9.8946428571e-01
       113   -2.1635929517e+00    4.8267437870e+00   -4.0749578822e+00    1.9113649305e+00    1.8350391476e+00   -7.7820116245e+00    1.8720145947e+00    1.4000000000e+03    1.0104000000e-02    9.8714285714e-01
       114   -2.1203119726e+00    4.6712879094e+00   -4.6465526773e+00    2.5262407047e+00    2.0228114261e+00   -8.5413786980e+00    1.8720145947e+00    1.4000000000e+03    9.2190000000e-03    9.8607142857e-01
       115   -2.0593004971e+00    4.3689620350e+00   -4.2862622567e+00    2.2269617596e+00    1.8538212426e+00   -8.0120980939e+00    1.8720145947e+00    1.4000000000e+03    8.7090000000e-03    9.8696428571e-01
       116   -2.1843376598e+00    4.9301838857e+00   -4.2722848260e+00    2.0879471662e+00    2.0520362294e+00   -8.1963356500e+00    1.8720145947e+00    1.4000000000e+03    9.3710000000e-03    9.8767857143e-01
       117   -2.1454357203e+00    4.7294830910e+00   -3.9316100615e+00    1.7861743412e+00    1.8071459979e+00   -7.6107706541e+00    1.8720145947e+00    1.4000000000e+03    1.0485000000e-02    9.8785714286e-01
       118   -2.1137061636e+00    4.5915412522e+00   -4.2884635143e+00    2.1747573507e+00    1.8391129445e+00   -7.9995910534e+00    1.8720145947e+00    1.4000000000e+03    1.0449000000e-02    9.8928571429e-01
       119   -2.1023516773e+00    4.5894606772e+00   -4.4376647094e+00    2.3353130320e+00    1.8370858683e+00   -8.1467651723e+00    1.8720145947e+00    1.4000000000e+03    1.0538000000e-02    9.8750000000e-01
       120   -2.0494299095e+00    4.3721689360e+00   -4.1928650895e+00    2.1434351799e+00    1.8677294088e+00   -7.9326090929e+00    1.8720145947e+00    1.4000000000e+03    1.0895000000e-02    9.8750000000e-01
       121   -1.9902689088e+00    4.1006065110e+00   -4.2991011933e+00    2.3088322845e+00    1.8490917052e+00   -8.0202074932e+00    1.8720145947e+00    1.4000000000e+03    1.0396000000e-02    9.8821428571e-01
       122   -2.1153656729e+00    4.6188510743e+00   -4.2070343551e+00    2.0916686821e+00    1.8327041629e+00   -7.9117531126e+00    1.8720145947e+00    1.4000000000e+03    1.0164000000e-02    9.8607142857e-01
       123   -2.0913845368e+00    4.5227165516e+00   -4.3059876693e+00    2.2146031324e+00    1.9107644733e+00   -8.0887667373e+00    1.8720145947e+00    1.4000000000e+03    1.0365000000e-02    9.9000000000e-01
       124   -2.1225524009e+00    4.6396483921e+00   -4.5614338338e+00    2.4388814328e+00    1.7524281411e+00   -8.1858765695e+00    1.8720145947e+00    1.4000000000e+03    9.0000000000e-03    9.8803571429e-01
       125   -2.1104809717e+00    4.5933473193e+00   -4.4050978570e+00    2.2946168853e+00    1.8090561297e+00   -8.0861685813e+00    1.8720145947e+00    1.4000000000e+03    1.0398000000e-02    9.8589285714e-01
       126   -2.1061606515e+00    4.5795746204e+00   -4.1789178263e+00    2.0727571748e+00    1.7827271441e+00   -7.8336595651e+00    1.8720145947e+00    1.4000000000e+03    1.0294000000e-02    9.8660714286e-01
       127   -2.1582696638e+00    4.7974324824e+00   -4.2357685221e+00    2.0774988583e+00    1.7439084279e+00   -7.8516915446e+00    1.8720145947e+00    1.4000000000e+03    1.0314000000e-02    9.9035714286e-01
       128   -2.1734897329e+00    4.8847171331e+00   -4.5088440519e+00    2.3353543190e+00    1.7273898325e+00   -8.1082484791e+00    1.8720145947e+00    1.4000000000e+03    1.0250000000e-02    9.8821428571e-01
       129   -2.1214358443e+00    4.6541957039e+00   -4.5118233741e+00    2.3903875298e+00    1.8136015894e+00   -8.1974395581e+00    1.8720145947e+00    1.4000000000e+03    1.0451000000e-02    9.8857142857e-01
       130   -2.1088967990e+00    4.6116685749e+00   -4.0995227928e+00    1.9906259938e+00    1.9065909780e+00   -7.8781283655e+00    1.8720145947e+00    1.4000000000e+03    1.0401000000e-02    9.8964285714e-01
       131   -2.0856200332e+00    4.5362346276e+00   -4.3456095672e+00    2.2599895340e+00    1.9092452196e+00   -8.1268693814e+00    1.8720145947e+00    1.4000000000e+03    1.0442000000e-02    9.8696428571e-01
       132   -2.1831126212e+00    4.8889752757e+00   -4.5344595318e+00    2.3513469106e+00    1.8520784078e+00   -8.2585525342e+00    1.8720145947e+00    1.4000000000e+03    1.0338000000e-02    9.8839285714e-01
       133   -2.1318339393e+00    4.6839448868e+00   -4.3500719025e+00    2.2182379632e+00    1.8342115206e+00   -8.0562980178e+00    1.8720145947e+00    1.4000000000e+03    1.0275000000e-02    9.8964285714e-01
       134   -2.1906351713e+00    4.9609405154e+00   -3.8862422523e+00    1.6956070810e+00    1.7985584507e+00   -7.5568152977e+00    1.8720145947e+00    1.4000000000e+03    1.0431000000e-02    9.8875000000e-01
       135   -2.2281851277e+00    5.1245026710e+00   -3.9825369055e+00    1.7543517778e+00    1.7648102593e+00   -7.6193617594e+00    1.8720145947e+00    1.4000000000e+03    1.0500000000e-02    9.8785714286e-01
       136   -2.1116144457e+00    4.6170089959e+00   -4.3176460663e+00    2.2060316206e+00    1.8441158231e+00   -8.0337764841e+00    1.8720145947e+00    1.4000000000e+03    1.0309000000e-02    9.8910714286e-01
       137   -2.1359405721e+00    4.7216745261e+00   -4.3192447295e+00    2.1833041575e+00    1.8049431288e+00   -7.9962024530e+00    1.8720145947e+00    1.4000000000e+03    1.0325000000e-02    9.9017857143e-01
       138   -2.0817570555e+00    4.4808877272e+00   -4.2005239110e+00    2.1187668555e+00    1.8959916750e+00   -7.9685301807e+00    1.8720145947e+00    1.4000000000e+03    1.0372000000e-02    9.8821428571e-01
       139   -2.1535100519e+00    4.8004736033e+00   -4.5433716671e+00    2.3898616152e+00    1.8880376672e+00   -8.3034239290e+00    1.8720145947e+00    1.4000000000e+03    1.0234000000e-02    9.8232142857e-01
       140   -2.0785128754e+00    4.4627571082e+00   -4.2548939303e+00    2.1763810549e+00    1.7913798364e+00   -7.9182883613e+00    1.8720145947e+00    1.4000000000e+03    1.0478000000e-02    9.8696428571e-01
       141   -2.0597352687e+00    4.3836117958e+00   -4.2319756749e+00    2.1722404062e+00    1.7717248878e+00   -7.8757151574e+00    1.8720145947e+00    1.4000000000e+03    1.0392000000e-02    9.8803571429e-01
       142   -2.1452597849e+00    4.7543096514e+00   -4.5832503849e+00    2.4379906000e+00    1.8337729344e+00   -8.2890379140e+00    1.8720145947e+00    1.4000000000e+03    9.9830000000e-03    9.8660714286e-01
       143   -2.0626011881e+00    4.3852946696e+00   -4.2909040706e+00    2.2283028825e+00    1.8386569547e+00   -8.0015756200e+00    1.8720145947e+00    1.4000000000e+03    1.0191000000e-02    9.8732142857e-01
       144   -2.1205397499e+00    4.6631389668e+00   -4.1825850986e+00    2.0620453487e+00    1.7973628581e+00   -7.8519625514e+00    1.8720145947e+00    1.4000000000e+03    1.0188000000e-02    9.8839285714e-01
       145   -2.1294948006e+00    4.6694049093e+00   -4.2393125713e+00    2.1098177707e+00    1.8422167533e+00   -7.9535439193e+00    1.8720145947e+00    1.4000000000e+03    1.0379000000e-02    9.8785714286e-01
       146   -2.1487901499e+00    4.7687758827e+00   -4.5334762594e+00    2.3846861095e+00    1.7318890767e+00   -8.1373799308e+00    1.8720145947e+00    1.4000000000e+03    1.0470000000e-02    9.8607142857e-01
       147   -2.1210987023e+00    4.6256580519e+00   -4.0789477910e+00    1.9578490888e+00    1.7591243041e+00   -7.7100866898e+00    1.8720145947e+00    1.4000000000e+03    1.0279000000e-02    9.8910714286e-01
       148   -2.1470426795e+00    4.7835549309e+00   -3.9668209761e+00    1.8197782967e+00    1.7514404259e+00   -7.5902759966e+00    1.8720145947e+00    1.4000000000e+03    1.0637000000e-02    9.8785714286e-01
       149   -2.1694175921e+00    4.8628808128e+00   -4.4841214556e+00    2.3147038635e+00    1.9007329475e+00   -8.2568689978e+00    1.8720145947e+00    1.4000000000e+03    1.0254000000e-02    9.8785714286e-01
       150   -2.1289872965e+00    4.7070516484e+00   -4.5755767417e+00    2.4465894453e+00    1.7528510068e+00   -8.2004423431e+00    1.8720145947e+00    1.4000000000e+03    1.0508000000e-02    9.8410714286e-01
       151   -2.1286580596e+00    4.7248248857e+00   -4.3395997482e+00    2.2109416886e+00    1.8769841749e+00   -8.0885985177e+00    1.8720145947e+00    1.4000000000e+03    1.0560000000e-02    9.8767857143e-01
       152   -2.1221843384e+00    4.6413335226e+00   -4.3613166356e+00    2.2391322973e+00    1.8135718314e+00   -8.0469030617e+00    1.8720145947e+00    1.4000000000e+03    1.0567000000e-02    9.8750000000e-01
       153   -2.0948631377e+00    4.5161929668e+00   -3.9864130722e+00    1.8915499345e+00    1.7733313506e+00   -7.6317590175e+00    1.8720145947e+00    1.4000000000e+03    1.0352000000e-02    9.9142857143e-01
       154   -2.2040376601e+00    4.9956238991e+00   -4.3069840906e+00    2.1029464305e+00    1.7093911577e+00   -7.8883898429e+00    1.8720145947e+00    1.4000000000e+03    1.0481000000e-02    9.8964285714e-01
       155   -2.1601128839e+00    4.7854058552e+00   -4.2781521801e+00    2.1180392962e+00    1.7594538111e+00   -7.9096205858e+00    1.8720145947e+00    1.4000000000e+03    1.0355000000e-02    9.8928571429e-01
       156   -2.0980919933e+00    4.7280201891e+00   -4.6473985510e+00    2.5493065578e+00    1.7772328501e+00   -8.2966459958e+00    1.8720145947e+00    1.4000000000e+03    1.0246000000e-02    9.8785714286e-01
       157   -2.0885880125e+00    4.4957646202e+00   -4.2734383759e+00    2.1848503634e+00    1.8070586425e+00   -7.9525116131e+00    1.8720145947e+00    1.4000000000e+03    1.0315000000e-02    9.8571428571e-01
       158   -2.1505164864e+00    4.7589191420e+00   -4.2324848577e+00    2.0819683713e+00    1.8579934451e+00   -7.9624928975e+00    1.8720145947e+00    1.4000000000e+03    1.0393000000e-02    9.8857142857e-01
       159   -2.1301238461e+00    4.6840974805e+00   -4.2033737462e+00    2.0732499001e+00    1.8138716504e+00   -7.8892599913e+00    1.8720145947e+00    1.4000000000e+03    1.0354000000e-02    9.8946428571e-01
       160   -2.1655675994e+00    4.8170793705e+00   -4.1690325938e+00    2.0034649943e+00    1.7812192606e+00   -7.8222664491e+00    1.8720145947e+00    1.4000000000e+03    1.0374000000e-02    9.8500000000e-01
       161   -2.1097151226e+00    4.5939056374e+00   -4.1063534330e+00    1.9966383104e+00    1.8447455663e+00   -7.8231135940e+00    1.8720145947e+00    1.4000000000e+03    1.0284000000e-02    9.8839285714e-01
       162   -2.1870627463e+00    4.9338134772e+00   -4.2368134081e+00    2.0497506618e+00    1.7945308475e+00   -7.9033588503e+00    1.8720145947e+00    1.4000000000e+03    1.0122000000e-02    9.8785714286e-01
       163   -2.1958228185e+00    4.9856614548e+00   -4.1997749887e+00    2.0039521703e+00    1.8416330828e+00   -7.9134226662e+00    1.8720145947e+00    1.4000000000e+03    9.9550000000e-03    9.8928571429e-01
       164   -2.1715894733e+00    4.8598592395e+00   -4.2813732853e+00    2.1097838120e+00    1.8607510383e+00   -8.0141389183e+00    1.8720145947e+00    1.4000000000e+03    1.0526000000e-02    9.8910714286e-01
       165   -2.1642798232e+00    4.8251363933e+00   -4.3295896863e+00    2.1653098631e+00    1.8508512650e+00   -8.0524555460e+00    1.8720145947e+00    1.4000000000e+03    1.0230000000e-02    9.8732142857e-01
       166   -2.1459471132e+00    4.7516634661e+00   -4.2078458190e+00    2.0618987059e+00    1.8161778108e+00   -7.8960382245e+00    1.8720145947e+00    1.4000000000e+03    1.0345000000e-02    9.8785714286e-01
       167   -2.1187072179e+00    4.6547823464e+00   -4.2411639692e+00    2.1224567513e+00    1.8692328043e+00   -7.9824113682e+00    1.8720145947e+00    1.4000000000e+03    1.0394000000e-02    9.8535714286e-01
       168   -2.0666588430e+00    4.4416119757e+00   -4.1788366389e+00    2.1121777960e+00    1.8534121413e+00   -7.9042633749e+00    1.8720145947e+00    1.4000000000e+03    1.0326000000e-02    9.8875000000e-01
       169   -2.1217455223e+00    4.6770230580e+00   -4.2512296192e+00    2.1294840970e+00    1.8670644380e+00   -7.9903086519e+00    1.8720145947e+00    1.4000000000e+03    1.0434000000e-02    9.8714285714e-01
       170   -2.1251810529e+00    4.6757414404e+00   -4.4702520598e+00    2.3450710069e+00    1.8790063473e+00   -8.2212730017e+00    1.8720145947e+00    1.4000000000e+03    1.0423000000e-02    9.8803571429e-01
       171   -2.1069310734e+00    4.5919791554e+00   -4.5298951477e+00    2.4229640743e+00    1.8835487798e+00   -8.2854585221e+00    1.8720145947e+00    1.4000000000e+03    1.0304000000e-02    9.8696428571e-01
       172   -2.1484907944e+00    4.7504133804e+00   -4.3598604170e+00    2.2113696226e+00    1.8006357724e+00   -8.0325107840e+00    1.8720145947e+00    1.4000000000e+03    1.0303000000e-02    9.8767857143e-01
       173   -2.1183962838e+00    4.6436930937e+00   -4.4202516220e+00    2.3018553382e+00    1.8408821557e+00   -8.1331483723e+00    1.8720145947e+00    1.4000000000e+03    1.0309000000e-02    9.8892857143e-01
       174   -2.1592869972e+00    4.8059448939e+00   -4.4212266896e+00    2.2619396924e+00    1.8040765287e+00   -8.0973178130e+00    1.8720145947e+00    1.4000000000e+03    1.0456000000e-02    9.8892857143e-01
       175   -2.1170951835e+00    4.6461332809e+00   -4.4002778485e+00    2.2831826650e+00    1.7286592273e+00   -8.0009516704e+00    1.8720145947e+00    1.4000000000e+03    1.0308000000e-02    9.8875000000e-01
       176   -2.1273609551e+00    4.6675935602e+00   -4.2277646610e+00    2.1004037059e+00    1.7464892527e+00   -7.8462685084e+00    1.8720145947e+00    1.4000000000e+03    1.0340000000e-02    9.8767857143e-01
       177   -2.1871379582e+00    4.9283027465e+00   -4.3135644390e+00    2.1264264808e+00    1.7404223974e+00   -7.9260014311e+00    1.8720145947e+00    1.4000000000e+03    1.0456000000e-02    9.8678571429e-01
       178   -2.1688142260e+00    4.8632569459e+00   -4.0927987791e+00    1.9239845531e+00    1.8817148936e+00   -7.8465282673e+00    1.8720145947e+00    1.4000000000e+03    1.0390000000e-02    9.8910714286e-01
       179   -2.1721014631e+00    4.8542089570e+00   -4.4846231834e+00    2.3125217203e+00    1.8120670801e+00   -8.1687048582e+00    1.8720145947e+00    1.4000000000e+03    1.0263000000e-02    9.8750000000e-01
       180   -2.1525654684e+00    4.7858718522e+00   -4.5349116494e+00    2.3823461810e+00    1.7694902849e+00   -8.1764165290e+00    1.8720145947e+00    1.4000000000e+03    1.0283000000e-02    9.8678571429e-01
       181   -2.1741028582e+00    4.9032865036e+00   -4.3889342798e+00    2.2148314217e+00    1.8346971994e+00   -8.0956460739e+00    1.8720145947e+00    1.4000000000e+03    1.0222000000e-02    9.9071428571e-01
       182   -2.2111306443e+00    5.0376575715e+00   -4.3920804785e+00    2.1809498342e+00    1.8147080591e+00   -8.0788031322e+00    1.8720145947e+00    1.4000000000e+03    1.0295000000e-02    9.8821428571e-01
       183   -2.0902832095e+00    4.4920655252e+00   -4.2481255118e+00    2.1578423024e+00    1.8540148352e+00   -7.9741549417e+00    1.8720145947e+00    1.4000000000e+03    1.0356000000e-02    9.8732142857e-01
       184   -2.1316439127e+00    4.6876452383e+00   -4.3543072292e+00    2.2226633165e+00    1.7544108005e+00   -7.9807326243e+00    1.8720145947e+00    1.4000000000e+03    1.0890000000e-02    9.8339285714e-01
       185   -2.0774361284e+00    4.4548059601e+00   -4.5266108979e+00    2.4491747695e+00    1.7818353478e+00   -8.1804608404e+00    1.8720145947e+00    1.4000000000e+03    1.0369000000e-02    9.8767857143e-01
       186   -2.1018694177e+00    4.5543859095e+00   -4.3150276101e+00    2.2131581924e+00    1.8347007176e+00   -8.0217429224e+00    1.8720145947e+00    1.4000000000e+03    1.0355000000e-02    9.8839285714e-01
       187   -2.2269003672e+00    5.1210193413e+00   -4.0405739598e+00    1.8136735926e+00    1.8674347590e+00   -7.7800233135e+00    1.8720145947e+00    1.4000000000e+03    1.0257000000e-02    9.8982142857e-01
       188   -2.1182510881e+00    4.6192898137e+00   -4.0887000314e+00    1.9704489433e+00    1.8464501425e+00   -7.8071647686e+00    1.8720145947e+00    1.4000000000e+03    1.0441000000e-02    9.8785714286e-01
       189   -2.1308157778e+00    4.6557787301e+00   -4.4121147487e+00    2.2812989709e+00    1.7576308148e+00   -8.0417601582e+00    1.8720145947e+00    1.4000000000e+03    1.0643000000e-02    9.8642857143e-01
       190   -2.1109557951e+00    4.5703216861e+00   -4.2395647716e+00    2.1286089765e+00    1.7432214824e+00   -7.8548008486e+00    1.8720145947e+00    1.4000000000e+03    1.0095000000e-02    9.8625000000e-01
       191   -2.1557409652e+00    4.7773997643e+00   -4.3192977401e+00    2.1635567749e+00    1.8464948142e+00   -8.0378071490e+00    1.8720145947e+00    1.4000000000e+03    1.0173000000e-02    9.8803571429e-01
       192   -2.1222360455e+00    4.6277370136e+00   -4.2945023818e+00    2.1722663363e+00    1.8205999553e+00   -7.9871169318e+00    1.8720145947e+00    1.4000000000e+03    1.0266000000e-02    9.9089285714e-01
       193   -2.1002274122e+00    4.5701682851e+00   -4.3564798414e+00    2.2562524292e+00    1.9080441811e+00   -8.1365386171e+00    1.8720145947e+00    1.4000000000e+03    1.0296000000e-02    9.8767857143e-01
       194   -2.0920552210e+00    4.5163136720e+00   -4.4099321345e+00    2.3178769135e+00    1.8465926567e+00   -8.1285393859e+00    1.8720145947e+00    1.4000000000e+03    1.0311000000e-02    9.8714285714e-01
       195   -2.0908803433e+00    4.5175765364e+00   -4.2815941284e+00    2.1907137851e+00    1.7992105707e+00   -7.9528192938e+00    1.8720145947e+00    1.4000000000e+03    1.0305000000e-02    9.8339285714e-01
       196   -2.1391801942e+00    4.7244391524e+00   -4.5057398243e+00    2.3665596302e+00    1.8179284955e+00   -8.1956829145e+00    1.8720145947e+00    1.4000000000e+03    1.0314000000e-02    9.8875000000e-01
       197   -2.1326866451e+00    4.6981707541e+00   -4.3895204317e+00    2.2568337865e+00    1.8921880978e+00   -8.1537231241e+00    1.8720145947e+00    1.4000000000e+03    1.0238000000e-02    9.8696428571e-01
       198   -2.1041497956e+00    4.5689683558e+00   -4.7332638834e+00    2.6291140878e+00    1.7992946483e+00   -8.4045731263e+00    1.8720145947e+00    1.4000000000e+03    1.0119000000e-02    9.8607142857e-01
       199   -2.1304988091e+00    4.7266679780e+00   -3.7873931037e+00    1.6568942946e+00    1.7866004034e+00   -7.4460081017e+00    1.8720145947e+00    1.4000000000e+03    1.0497000000e-02    9.8946428571e-01
