#   index    LocalEnergy         LocalEnergy_sq      LocalPotential      Kinetic             LocalECP            NonLocalECP         ElecElec            IonIon              BlockWeight         BlockCPU            AcceptRatio         
         0   -1.0339445369e+01    1.0789863255e+02   -2.2596788813e+01    1.2257343444e+01   -7.1103823854e+00    1.6043528979e-01   -2.8711742940e+00   -1.2775667423e+01    1.4000000000e+02    3.1030000000e-03    7.5937500000e-01
         1   -1.0474873637e+01    1.1005020611e+02   -2.2046861802e+01    1.1571988165e+01   -7.2961776551e+00    6.4687202306e-01   -2.6218887466e+00   -1.2775667423e+01    1.4000000000e+02    2.9120000000e-03    7.6071428571e-01
         2   -1.0445401015e+01    1.0940142635e+02   -2.1813744018e+01    1.1368343003e+01   -7.6851049487e+00    8.9281132476e-01   -2.2457829706e+00   -1.2775667423e+01    1.4000000000e+02    2.7310000000e-03    7.6964285714e-01
         3   -1.0521215687e+01    1.1105125917e+02   -2.1529094342e+01    1.1007878655e+01   -6.8788674352e+00    6.4360901353e-01   -2.5181684967e+00   -1.2775667423e+01    1.4000000000e+02    2.7720000000e-03    7.6875000000e-01
         4   -1.0459452989e+01    1.0973583779e+02   -2.1940267099e+01    1.1480814109e+01   -7.0257369092e+00    6.4051403531e-01   -2.7793768013e+00   -1.2775667423e+01    1.4000000000e+02    2.8850000000e-03    7.6696428571e-01
         5   -1.0487603653e+01    1.1023079454e+02   -2.1919305062e+01    1.1431701409e+01   -6.9059456569e+00    6.0420945442e-01   -2.8419014361e+00   -1.2775667423e+01    1.4000000000e+02    2.8860000000e-03    7.6339285714e-01
         6   -1.0513404228e+01    1.1097767360e+02   -2.1595845266e+01    1.1082441038e+01   -6.8988871697e+00    7.4719999459e-01   -2.6684906679e+00   -1.2775667423e+01    1.4000000000e+02    2.8450000000e-03    7.6562500000e-01
         7   -1.0411994128e+01    1.0883169848e+02   -2.2159150813e+01    1.1747156685e+01   -7.4151584896e+00    7.5597950943e-01   -2.7243044091e+00   -1.2775667423e+01    1.4000000000e+02    2.8720000000e-03    7.5669642857e-01
         8   -1.0465866323e+01    1.0990416329e+02   -2.1990504792e+01    1.1524638469e+01   -7.0486678535e+00    5.5529444865e-01   -2.7214639640e+00   -1.2775667423e+01    1.4000000000e+02    2.9620000000e-03    7.6026785714e-01
         9   -1.0444845613e+01    1.0938569210e+02   -2.1430358542e+01    1.0985512929e+01   -6.0209086854e+00    3.3620882458e-01   -2.9699912576e+00   -1.2775667423e+01    1.4000000000e+02    2.9480000000e-03    7.5937500000e-01
        10   -1.0510155677e+01    1.1075065524e+02   -2.1361568758e+01    1.0851413081e+01   -6.2154396351e+00    3.1551345590e-01   -2.6859751558e+00   -1.2775667423e+01    1.4000000000e+02    2.8960000000e-03    7.7544642857e-01
        11   -1.0438602347e+01    1.0925184712e+02   -2.1118562401e+01    1.0679960054e+01   -6.2282440268e+00    5.5844410367e-01   -2.6730950548e+00   -1.2775667423e+01    1.4000000000e+02    2.9200000000e-03    7.7500000000e-01
        12   -1.0552110099e+01    1.1167566249e+02   -2.2373837244e+01    1.1821727145e+01   -7.3447852174e+00    5.5451712796e-01   -2.8079017311e+00   -1.2775667423e+01    1.4000000000e+02    2.8530000000e-03    7.4330357143e-01
        13   -1.0446694264e+01    1.0952735958e+02   -2.2459015751e+01    1.2012321487e+01   -7.0544045879e+00    7.5581747960e-02   -2.7045254879e+00   -1.2775667423e+01    1.4000000000e+02    2.9030000000e-03    7.5401785714e-01
        14   -1.0437840435e+01    1.0925394958e+02   -2.1851760281e+01    1.1413919846e+01   -6.7137366084e+00    3.4691987330e-01   -2.7092761222e+00   -1.2775667423e+01    1.4000000000e+02    3.0170000000e-03    7.5848214286e-01
        15   -1.0534911536e+01    1.1129513330e+02   -2.2472201490e+01    1.1937289954e+01   -7.3555947415e+00    5.7339061697e-01   -2.9143299420e+00   -1.2775667423e+01    1.4000000000e+02    2.8510000000e-03    7.5535714286e-01
        16   -1.0567285652e+01    1.1216455741e+02   -2.1588481601e+01    1.1021195949e+01   -6.9407855149e+00    4.8895520910e-01   -2.3609838720e+00   -1.2775667423e+01    1.4000000000e+02    2.9680000000e-03    7.6651785714e-01
        17   -1.0476182998e+01    1.1004156308e+02   -2.1575748937e+01    1.1099565939e+01   -6.8234359093e+00    6.5742646282e-01   -2.6340720671e+00   -1.2775667423e+01    1.4000000000e+02    2.8220000000e-03    7.6160714286e-01
        18   -1.0546368688e+01    1.1149998071e+02   -2.1766735394e+01    1.1220366706e+01   -6.6786859018e+00    3.4364245690e-01   -2.6560245261e+00   -1.2775667423e+01    1.4000000000e+02    2.8480000000e-03    7.7633928571e-01
        19   -1.0567322356e+01    1.1188659741e+02   -2.1139532011e+01    1.0572209656e+01   -5.8628313303e+00    4.2218241441e-01   -2.9232156722e+00   -1.2775667423e+01    1.4000000000e+02    2.9480000000e-03    7.6517857143e-01
        20   -1.0557358306e+01    1.1194399935e+02   -2.1631357432e+01    1.1073999126e+01   -6.8974023622e+00    6.8766028878e-01   -2.6459479351e+00   -1.2775667423e+01    1.4000000000e+02    2.8680000000e-03    7.6116071429e-01
        21   -1.0471792170e+01    1.0991887668e+02   -2.0946255385e+01    1.0474463215e+01   -6.2466734240e+00    8.4257887465e-01   -2.7664934121e+00   -1.2775667423e+01    1.4000000000e+02    2.9220000000e-03    7.5446428571e-01
        22   -1.0528568779e+01    1.1110026678e+02   -2.1449991618e+01    1.0921422839e+01   -6.4748682438e+00    5.8445349118e-01   -2.7839094423e+00   -1.2775667423e+01    1.4000000000e+02    2.9580000000e-03    7.5669642857e-01
        23   -1.0460083834e+01    1.0978317742e+02   -2.1497169394e+01    1.1037085560e+01   -6.6724943304e+00    7.6542485506e-01   -2.8144324952e+00   -1.2775667423e+01    1.4000000000e+02    2.8490000000e-03    7.6830357143e-01
        24   -1.0496484715e+01    1.1051991579e+02   -2.2426558955e+01    1.1930074240e+01   -7.3999769625e+00    4.1826556667e-01   -2.6691801361e+00   -1.2775667423e+01    1.4000000000e+02    3.0550000000e-03    7.6517857143e-01
        25   -1.0496552482e+01    1.1040955115e+02   -2.2227996009e+01    1.1731443527e+01   -7.0565950544e+00    4.7296045323e-01   -2.8686939849e+00   -1.2775667423e+01    1.4000000000e+02    2.9650000000e-03    7.4196428571e-01
        26   -1.0421636310e+01    1.0895458648e+02   -2.2140836403e+01    1.1719200093e+01   -7.3157251303e+00    6.8796108513e-01   -2.7374049345e+00   -1.2775667423e+01    1.4000000000e+02    2.9190000000e-03    7.6160714286e-01
        27   -1.0467762063e+01    1.0995514229e+02   -2.1702104980e+01    1.1234342917e+01   -6.7164022439e+00    5.7309219695e-01   -2.7831275096e+00   -1.2775667423e+01    1.4000000000e+02    2.9420000000e-03    7.5491071429e-01
        28   -1.0595470863e+01    1.1263606977e+02   -2.2752964256e+01    1.2157493393e+01   -7.8659667097e+00    7.2610854381e-01   -2.8374386667e+00   -1.2775667423e+01    1.4000000000e+02    2.8420000000e-03    7.5267857143e-01
        29   -1.0428047670e+01    1.0899958721e+02   -2.1206798343e+01    1.0778750673e+01   -6.1169322497e+00    4.7587749692e-01   -2.7900761670e+00   -1.2775667423e+01    1.4000000000e+02    2.8780000000e-03    7.6919642857e-01
        30   -1.0412218336e+01    1.0870334581e+02   -2.1669027644e+01    1.1256809308e+01   -6.4716938792e+00    3.7278928641e-01   -2.7944556284e+00   -1.2775667423e+01    1.4000000000e+02    2.8270000000e-03    7.6294642857e-01
        31   -1.0504681536e+01    1.1073215419e+02   -2.2080580466e+01    1.1575898930e+01   -7.2274715333e+00    7.6700178218e-01   -2.8444432914e+00   -1.2775667423e+01    1.4000000000e+02    3.2450000000e-03    7.7008928571e-01
        32   -1.0569007909e+01    1.1204902126e+02   -2.1905103650e+01    1.1336095741e+01   -6.8978612510e+00    4.9675821875e-01   -2.7283331941e+00   -1.2775667423e+01    1.4000000000e+02    2.9590000000e-03    7.7232142857e-01
        33   -1.0465154733e+01    1.0985233774e+02   -2.0848500761e+01    1.0383346028e+01   -5.7393212180e+00    4.3609795666e-01   -2.7696100763e+00   -1.2775667423e+01    1.4000000000e+02    3.1110000000e-03    7.4866071429e-01
        34   -1.0484662435e+01    1.1016648817e+02   -2.1594116417e+01    1.1109453982e+01   -6.6326657357e+00    5.7268494855e-01   -2.7584682061e+00   -1.2775667423e+01    1.4000000000e+02    3.0410000000e-03    7.6919642857e-01
        35   -1.0318441553e+01    1.0679174578e+02   -2.0906960060e+01    1.0588518507e+01   -6.0879291410e+00    4.5168140589e-01   -2.4950449011e+00   -1.2775667423e+01    1.4000000000e+02    3.0430000000e-03    7.5491071429e-01
        36   -1.0546450143e+01    1.1154365514e+02   -2.1241741494e+01    1.0695291351e+01   -6.5439717919e+00    8.0733954485e-01   -2.7294418239e+00   -1.2775667423e+01    1.4000000000e+02    3.1330000000e-03    7.5357142857e-01
        37   -1.0602636168e+01    1.1273956663e+02   -2.1557189784e+01    1.0954553616e+01   -7.3587601077e+00    6.0590165543e-01   -2.0286639084e+00   -1.2775667423e+01    1.4000000000e+02    3.0410000000e-03    7.4910714286e-01
        38   -1.0457479363e+01    1.0971998421e+02   -2.1563569994e+01    1.1106090631e+01   -6.8938586465e+00    8.6275850570e-01   -2.7568024296e+00   -1.2775667423e+01    1.4000000000e+02    2.9920000000e-03    7.6830357143e-01
        39   -1.0511378654e+01    1.1080716416e+02   -2.0894667576e+01    1.0383288922e+01   -5.6446715695e+00    3.5313408614e-01   -2.8274626698e+00   -1.2775667423e+01    1.4000000000e+02    3.1490000000e-03    7.6383928571e-01
        40   -1.0514895673e+01    1.1082659935e+02   -2.1369116611e+01    1.0854220938e+01   -6.6211915933e+00    6.6928900269e-01   -2.6415465968e+00   -1.2775667423e+01    1.4000000000e+02    3.1180000000e-03    7.8125000000e-01
        41   -1.0481718695e+01    1.1016799924e+02   -2.1448207965e+01    1.0966489270e+01   -6.8172465590e+00    7.5289307533e-01   -2.6081870585e+00   -1.2775667423e+01    1.4000000000e+02    3.1350000000e-03    7.4821428571e-01
        42   -1.0517192344e+01    1.1083332411e+02   -2.2199995833e+01    1.1682803489e+01   -7.3302017437e+00    7.0236182042e-01   -2.7964884860e+00   -1.2775667423e+01    1.4000000000e+02    3.1260000000e-03    7.6785714286e-01
        43   -1.0551356405e+01    1.1167434407e+02   -2.2135450744e+01    1.1584094339e+01   -7.0290830710e+00    5.4552430570e-01   -2.8762245554e+00   -1.2775667423e+01    1.4000000000e+02    2.9870000000e-03    7.6517857143e-01
        44   -1.0452550148e+01    1.0958184569e+02   -2.1792890116e+01    1.1340339968e+01   -6.6570361529e+00    4.4493041466e-01   -2.8051169543e+00   -1.2775667423e+01    1.4000000000e+02    2.9780000000e-03    7.8169642857e-01
        45   -1.0545896229e+01    1.1151483028e+02   -2.1510799049e+01    1.0964902820e+01   -6.7828125041e+00    6.8042185355e-01   -2.6327409751e+00   -1.2775667423e+01    1.4000000000e+02    2.9260000000e-03    7.7767857143e-01
        46   -1.0546809952e+01    1.1158334056e+02   -2.2025609971e+01    1.1478800019e+01   -7.3082430240e+00    5.8130153816e-01   -2.5230010616e+00   -1.2775667423e+01    1.4000000000e+02    3.3000000000e-03    7.5357142857e-01
        47   -1.0485417734e+01    1.1022469185e+02   -2.2169188671e+01    1.1683770937e+01   -6.9952519416e+00    3.5355598853e-01   -2.7518252946e+00   -1.2775667423e+01    1.4000000000e+02    3.1460000000e-03    7.5714285714e-01
        48   -1.0609979116e+01    1.1315692073e+02   -2.1710972450e+01    1.1100993335e+01   -7.3043655121e+00    9.7013424873e-01   -2.6010737637e+00   -1.2775667423e+01    1.4000000000e+02    2.9110000000e-03    7.6294642857e-01
        49   -1.0431505464e+01    1.0917474178e+02   -2.2361494896e+01    1.1929989431e+01   -7.3890552373e+00    5.4439753927e-01   -2.7411697743e+00   -1.2775667423e+01    1.4000000000e+02    3.1950000000e-03    7.4642857143e-01
        50   -1.0407935482e+01    1.0863979423e+02   -2.1679525618e+01    1.1271590136e+01   -6.8406149818e+00    7.7468314138e-01   -2.8379263541e+00   -1.2775667423e+01    1.4000000000e+02    4.3130000000e-03    7.5625000000e-01
        51   -1.0525788168e+01    1.1121756158e+02   -2.1941107825e+01    1.1415319657e+01   -7.0192038574e+00    6.9934255857e-01   -2.8455791029e+00   -1.2775667423e+01    1.4000000000e+02    4.7690000000e-03    7.7053571429e-01
        52   -1.0526493203e+01    1.1116456946e+02   -2.1523678788e+01    1.0997185585e+01   -6.7950909611e+00    6.9687972439e-01   -2.6498001278e+00   -1.2775667423e+01    1.4000000000e+02    3.2110000000e-03    7.6383928571e-01
        53   -1.0506292286e+01    1.1070082762e+02   -2.2072436316e+01    1.1566144030e+01   -7.5762506355e+00    8.0654156497e-01   -2.5270598226e+00   -1.2775667423e+01    1.4000000000e+02    3.2270000000e-03    7.6562500000e-01
        54   -1.0453341184e+01    1.0959126668e+02   -2.2068779889e+01    1.1615438704e+01   -7.1119712052e+00    2.7596527753e-01   -2.4571065378e+00   -1.2775667423e+01    1.4000000000e+02    3.8430000000e-03    7.7589285714e-01
        55   -1.0570893778e+01    1.1207268247e+02   -2.1706053768e+01    1.1135159990e+01   -7.1062908952e+00    8.2991062638e-01   -2.6540060761e+00   -1.2775667423e+01    1.4000000000e+02    3.4030000000e-03    7.6383928571e-01
        56   -1.0557822806e+01    1.1178052019e+02   -2.1947032891e+01    1.1389210084e+01   -7.1810827535e+00    6.8512841305e-01   -2.6754111268e+00   -1.2775667423e+01    1.4000000000e+02    3.2060000000e-03    7.7187500000e-01
        57   -1.0564097982e+01    1.1186632451e+02   -2.2996431981e+01    1.2432333999e+01   -7.9320265457e+00    4.0240020743e-01   -2.6911382198e+00   -1.2775667423e+01    1.4000000000e+02    3.0170000000e-03    7.4821428571e-01
        58   -1.0526624428e+01    1.1108902012e+02   -2.1580705928e+01    1.1054081500e+01   -6.5429688177e+00    5.0397618227e-01   -2.7660458692e+00   -1.2775667423e+01    1.4000000000e+02    3.2840000000e-03    7.6562500000e-01
        59   -1.0459930380e+01    1.0995005026e+02   -2.0845914400e+01    1.0385984020e+01   -5.7642011094e+00    4.3925628777e-01   -2.7453021552e+00   -1.2775667423e+01    1.4000000000e+02    2.8850000000e-03    7.7901785714e-01
        60   -1.0478747686e+01    1.1014487169e+02   -2.1918131678e+01    1.1439383993e+01   -7.1487520582e+00    7.7988366414e-01   -2.7735958610e+00   -1.2775667423e+01    1.4000000000e+02    3.0740000000e-03    7.5758928571e-01
        61   -1.0514573294e+01    1.1096937318e+02   -2.2142550960e+01    1.1627977666e+01   -7.5906316195e+00    8.4155877976e-01   -2.6178106969e+00   -1.2775667423e+01    1.4000000000e+02    3.1230000000e-03    7.6250000000e-01
        62   -1.0465518402e+01    1.0980772014e+02   -2.1653861021e+01    1.1188342619e+01   -6.6915863814e+00    5.3337273018e-01   -2.7199799463e+00   -1.2775667423e+01    1.4000000000e+02    3.3140000000e-03    7.6517857143e-01
        63   -1.0544959294e+01    1.1145742561e+02   -2.1880073047e+01    1.1335113753e+01   -6.7840349664e+00    6.3606080468e-01   -2.9564314624e+00   -1.2775667423e+01    1.4000000000e+02    3.4020000000e-03    7.8482142857e-01
        64   -1.0522439583e+01    1.1097626120e+02   -2.1653305117e+01    1.1130865534e+01   -7.1112850741e+00    8.5372040511e-01   -2.6200730245e+00   -1.2775667423e+01    1.4000000000e+02    3.0320000000e-03    7.5580357143e-01
        65   -1.0569922376e+01    1.1200965527e+02   -2.2763285863e+01    1.2193363488e+01   -7.8970676118e+00    6.6453560947e-01   -2.7550864379e+00   -1.2775667423e+01    1.4000000000e+02    3.1930000000e-03    7.5401785714e-01
        66   -1.0549559671e+01    1.1163497906e+02   -2.2230747743e+01    1.1681188072e+01   -7.3944994416e+00    7.0089279438e-01   -2.7614736723e+00   -1.2775667423e+01    1.4000000000e+02    3.0660000000e-03    7.6383928571e-01
        67   -1.0493372665e+01    1.1043801246e+02   -2.2265103160e+01    1.1771730495e+01   -7.4231370836e+00    5.5432007605e-01   -2.6206187288e+00   -1.2775667423e+01    1.4000000000e+02    3.0360000000e-03    7.6696428571e-01
        68   -1.0475277184e+01    1.1002552655e+02   -2.1582808092e+01    1.1107530908e+01   -6.6956775428e+00    5.2364719393e-01   -2.6351103202e+00   -1.2775667423e+01    1.4000000000e+02    3.2540000000e-03    7.4508928571e-01
        69   -1.0367605455e+01    1.0785916393e+02   -2.1397241104e+01    1.1029635649e+01   -6.6280100779e+00    4.1683571847e-01   -2.4103993216e+00   -1.2775667423e+01    1.4000000000e+02    3.1590000000e-03    7.5937500000e-01
        70   -1.0445854476e+01    1.0959833073e+02   -2.2206225329e+01    1.1760370853e+01   -7.2829461567e+00    6.1420978346e-01   -2.7618215326e+00   -1.2775667423e+01    1.4000000000e+02    3.0710000000e-03    7.6741071429e-01
        71   -1.0573245009e+01    1.1219777156e+02   -2.1792088828e+01    1.1218843818e+01   -6.9785139392e+00    6.4580875120e-01   -2.6837162164e+00   -1.2775667423e+01    1.4000000000e+02    3.0840000000e-03    7.6919642857e-01
        72   -1.0456027108e+01    1.0968495733e+02   -2.3151606544e+01    1.2695579436e+01   -7.9980790692e+00    3.3228523439e-01   -2.7101452857e+00   -1.2775667423e+01    1.4000000000e+02    3.0070000000e-03    7.5044642857e-01
        73   -1.0370200324e+01    1.0789153622e+02   -2.1767100022e+01    1.1396899698e+01   -7.2095919569e+00    7.1685894772e-01   -2.4986995892e+00   -1.2775667423e+01    1.4000000000e+02    3.2830000000e-03    7.6205357143e-01
        74   -1.0483950156e+01    1.1031588727e+02   -2.1987833805e+01    1.1503883649e+01   -7.2583364608e+00    7.6770277804e-01   -2.7215326991e+00   -1.2775667423e+01    1.4000000000e+02    3.2450000000e-03    7.5625000000e-01
        75   -1.0465306925e+01    1.0999745011e+02   -2.1413042688e+01    1.0947735763e+01   -6.5733508681e+00    5.9701025973e-01   -2.6610346562e+00   -1.2775667423e+01    1.4000000000e+02    2.9930000000e-03    7.6875000000e-01
        76   -1.0492869138e+01    1.1054516022e+02   -2.2224365903e+01    1.1731496765e+01   -7.3951334350e+00    6.4357815919e-01   -2.6971432038e+00   -1.2775667423e+01    1.4000000000e+02    3.0820000000e-03    7.7321428571e-01
        77   -1.0510111749e+01    1.1108144472e+02   -2.2368653092e+01    1.1858541343e+01   -7.7529469729e+00    8.3136540886e-01   -2.6714041044e+00   -1.2775667423e+01    1.4000000000e+02    3.2570000000e-03    7.6696428571e-01
        78   -1.0510191326e+01    1.1080021505e+02   -2.2799652691e+01    1.2289461365e+01   -7.8828299831e+00    4.3498945067e-01   -2.5761447356e+00   -1.2775667423e+01    1.4000000000e+02    3.1120000000e-03    7.4553571429e-01
        79   -1.0387111122e+01    1.0821643030e+02   -2.1866948161e+01    1.1479837040e+01   -7.0178065293e+00    7.3621353739e-01   -2.8096877459e+00   -1.2775667423e+01    1.4000000000e+02    3.2380000000e-03    7.7410714286e-01
        80   -1.0521644545e+01    1.1104185716e+02   -2.2572139868e+01    1.2050495323e+01   -7.5576258613e+00    4.0239482013e-01   -2.6412414037e+00   -1.2775667423e+01    1.4000000000e+02    3.1380000000e-03    7.5714285714e-01
        81   -1.0437368851e+01    1.0924074519e+02   -2.1791044876e+01    1.1353676025e+01   -7.1951995687e+00    8.3536565692e-01   -2.6555435406e+00   -1.2775667423e+01    1.4000000000e+02    3.0840000000e-03    7.7098214286e-01
        82   -1.0468207285e+01    1.0990893988e+02   -2.0364751972e+01    9.8965446872e+00   -5.4280083282e+00    3.3513370250e-01   -2.4962099228e+00   -1.2775667423e+01    1.4000000000e+02    2.9520000000e-03    7.6651785714e-01
        83   -1.0447125137e+01    1.0989819939e+02   -2.1493507001e+01    1.1046381864e+01   -6.6769746341e+00    6.3613531322e-01   -2.6770002567e+00   -1.2775667423e+01    1.4000000000e+02    3.0800000000e-03    7.4776785714e-01
        84   -1.0487527396e+01    1.1025295532e+02   -2.1695421248e+01    1.1207893852e+01   -6.6170659807e+00    5.2254526916e-01   -2.8252331131e+00   -1.2775667423e+01    1.4000000000e+02    3.0150000000e-03    7.5714285714e-01
        85   -1.0540667583e+01    1.1194194092e+02   -2.1996649380e+01    1.1455981797e+01   -7.3719083184e+00    7.5056926921e-01   -2.5996429077e+00   -1.2775667423e+01    1.4000000000e+02    3.4150000000e-03    7.6607142857e-01
        86   -1.0520414998e+01    1.1098488142e+02   -2.1278346237e+01    1.0757931239e+01   -6.1176767394e+00    4.6851064663e-01   -2.8535127207e+00   -1.2775667423e+01    1.4000000000e+02    3.0570000000e-03    7.6964285714e-01
        87   -1.0510840078e+01    1.1085652324e+02   -2.1959629593e+01    1.1448789515e+01   -6.9165857635e+00    3.7264763495e-01   -2.6400240409e+00   -1.2775667423e+01    1.4000000000e+02    3.2100000000e-03    7.6205357143e-01
        88   -1.0429983132e+01    1.0917449706e+02   -2.2027774098e+01    1.1597790966e+01   -6.8480119416e+00    4.8297983623e-01   -2.8870745693e+00   -1.2775667423e+01    1.4000000000e+02    3.1420000000e-03    7.5982142857e-01
        89   -1.0473529351e+01    1.1010862104e+02   -2.1706619398e+01    1.1233090047e+01   -6.7561047455e+00    8.1234953515e-01   -2.9871967638e+00   -1.2775667423e+01    1.4000000000e+02    4.3610000000e-03    7.6741071429e-01
        90   -1.0603402936e+01    1.1341928727e+02   -2.1886891370e+01    1.1283488434e+01   -7.4620170706e+00    1.0192264479e+00   -2.6684333244e+00   -1.2775667423e+01    1.4000000000e+02    5.6510000000e-03    7.5982142857e-01
        91   -1.0485647415e+01    1.1025228898e+02   -2.1374564298e+01    1.0888916883e+01   -6.4644102748e+00    6.2553146909e-01   -2.7600180694e+00   -1.2775667423e+01    1.4000000000e+02    3.0040000000e-03    7.6294642857e-01
        92   -1.0503788751e+01    1.1078762467e+02   -2.2225711291e+01    1.1721922540e+01   -7.7075669662e+00    5.9387539219e-01   -2.3363522938e+00   -1.2775667423e+01    1.4000000000e+02    3.6940000000e-03    7.5982142857e-01
        93   -1.0566876314e+01    1.1189540121e+02   -2.2158337669e+01    1.1591461354e+01   -7.3488958479e+00    7.2728491121e-01   -2.7610593086e+00   -1.2775667423e+01    1.4000000000e+02    3.1260000000e-03    7.6160714286e-01
        94   -1.0512166531e+01    1.1081429462e+02   -2.1370507315e+01    1.0858340784e+01   -6.8333587973e+00    7.4040454931e-01   -2.5018856438e+00   -1.2775667423e+01    1.4000000000e+02    3.1370000000e-03    7.6696428571e-01
        95   -1.0523580390e+01    1.1098261433e+02   -2.2369701117e+01    1.1846120728e+01   -7.7794160994e+00    8.1909337351e-01   -2.6337109682e+00   -1.2775667423e+01    1.4000000000e+02    2.9940000000e-03    7.5982142857e-01
        96   -1.0463198647e+01    1.0976035412e+02   -2.2081598139e+01    1.1618399492e+01   -7.3337109995e+00    8.0681825304e-01   -2.7790379691e+00   -1.2775667423e+01    1.4000000000e+02    3.0230000000e-03    7.5937500000e-01
        97   -1.0496156801e+01    1.1049416530e+02   -2.1853455590e+01    1.1357298790e+01   -6.9503642125e+00    4.6920597324e-01   -2.5966299277e+00   -1.2775667423e+01    1.4000000000e+02    3.1780000000e-03    7.6741071429e-01
        98   -1.0428212280e+01    1.0903077265e+02   -2.2347682196e+01    1.1919469917e+01   -7.3363486845e+00    5.1698416997e-01   -2.7526502586e+00   -1.2775667423e+01    1.4000000000e+02    3.0550000000e-03    7.6964285714e-01
        99   -1.0517021684e+01    1.1088863183e+02   -2.2080074244e+01    1.1563052560e+01   -7.5418321408e+00    5.6338999692e-01   -2.3259646764e+00   -1.2775667423e+01    1.4000000000e+02    2.9510000000e-03    7.5491071429e-01
       100   -1.0470884570e+01    1.0993204395e+02   -2.2502851359e+01    1.2031966789e+01   -7.3816556861e+00    4.7330672547e-01   -2.8188349751e+00   -1.2775667423e+01    1.4000000000e+02    3.0670000000e-03    7.4866071429e-01
       101   -1.0408121670e+01    1.0858533068e+02   -2.0828825508e+01    1.0420703838e+01   -5.6449779486e+00    4.1741346522e-01   -2.8255936017e+00   -1.2775667423e+01    1.4000000000e+02    3.1270000000e-03    7.8125000000e-01
       102   -1.0564935670e+01    1.1191759681e+02   -2.2094900381e+01    1.1529964711e+01   -7.1414449909e+00    5.1656785106e-01   -2.6943558176e+00   -1.2775667423e+01    1.4000000000e+02    3.1140000000e-03    7.5625000000e-01
       103   -1.0440422100e+01    1.0941702406e+02   -2.1241620590e+01    1.0801198490e+01   -6.4679448957e+00    7.1173036546e-01   -2.7097386367e+00   -1.2775667423e+01    1.4000000000e+02    2.9940000000e-03    7.8705357143e-01
       104   -1.0479056801e+01    1.1015410433e+02   -2.2018404762e+01    1.1539347961e+01   -6.9531493115e+00    5.3081131309e-01   -2.8203993400e+00   -1.2775667423e+01    1.4000000000e+02    3.1160000000e-03    7.5312500000e-01
       105   -1.0437388286e+01    1.0988114998e+02   -2.1833164193e+01    1.1395775907e+01   -6.7707933799e+00    5.5672465552e-01   -2.8434280454e+00   -1.2775667423e+01    1.4000000000e+02    3.1390000000e-03    7.6026785714e-01
       106   -1.0576879616e+01    1.1214327184e+02   -2.2317658770e+01    1.1740779153e+01   -7.2475330714e+00    5.7749879111e-01   -2.8719570658e+00   -1.2775667423e+01    1.4000000000e+02    3.0470000000e-03    7.5803571429e-01
       107   -1.0632411086e+01    1.1359957968e+02   -2.2226699884e+01    1.1594288797e+01   -7.4928294264e+00    7.5701537208e-01   -2.7152184060e+00   -1.2775667423e+01    1.4000000000e+02    3.0900000000e-03    7.6875000000e-01
       108   -1.0546586969e+01    1.1159619229e+02   -2.1978543614e+01    1.1431956644e+01   -6.9773034898e+00    6.3964562420e-01   -2.8652183248e+00   -1.2775667423e+01    1.4000000000e+02    2.9880000000e-03    7.8035714286e-01
       109   -1.0437470615e+01    1.0922082112e+02   -2.2291190116e+01    1.1853719501e+01   -7.5088083217e+00    6.4662535155e-01   -2.6533397222e+00   -1.2775667423e+01    1.4000000000e+02    2.8390000000e-03    7.5133928571e-01
       110   -1.0481223909e+01    1.1023334767e+02   -2.1645086851e+01    1.1163862942e+01   -6.7782392483e+00    6.5457914491e-01   -2.7457593240e+00   -1.2775667423e+01    1.4000000000e+02    2.8100000000e-03    7.6205357143e-01
       111   -1.0401400170e+01    1.0857522238e+02   -2.2021477353e+01    1.1620077183e+01   -7.0449918297e+00    4.8631896370e-01   -2.6871370637e+00   -1.2775667423e+01    1.4000000000e+02    3.0230000000e-03    7.8660714286e-01
       112   -1.0589411782e+01    1.1256493306e+02   -2.2361504385e+01    1.1772092604e+01   -7.7352037921e+00    9.1173488668e-01   -2.7623680565e+00   -1.2775667423e+01    1.4000000000e+02    3.0000000000e-03    7.5714285714e-01
       113   -1.0373199832e+01    1.0828789701e+02   -2.2018767641e+01    1.1645567809e+01   -7.1787175160e+00    5.6955812387e-01   -2.6339408256e+00   -1.2775667423e+01    1.4000000000e+02    2.8460000000e-03    7.4732142857e-01
       114   -1.0397021336e+01    1.0846465647e+02   -2.2587371364e+01    1.2190350029e+01   -7.9251114446e+00    6.6218204840e-01   -2.5487745448e+00   -1.2775667423e+01    1.4000000000e+02    2.8230000000e-03    7.6696428571e-01
       115   -1.0448708560e+01    1.0946760380e+02   -2.1679686332e+01    1.1230977773e+01   -6.6322448676e+00    6.0395514237e-01   -2.8757291839e+00   -1.2775667423e+01    1.4000000000e+02    2.7890000000e-03    7.7187500000e-01
       116   -1.0489412511e+01    1.1029904833e+02   -2.1555761546e+01    1.1066349035e+01   -6.7316166887e+00    6.6611184709e-01   -2.7145892813e+00   -1.2775667423e+01    1.4000000000e+02    2.8480000000e-03    7.5937500000e-01
       117   -1.0465460733e+01    1.0986600724e+02   -2.1081226764e+01    1.0615766031e+01   -6.1057847691e+00    5.4198693200e-01   -2.7417615040e+00   -1.2775667423e+01    1.4000000000e+02    2.8670000000e-03    7.6250000000e-01
       118   -1.0345754946e+01    1.0742161289e+02   -2.2478835376e+01    1.2133080430e+01   -7.3150091424e+00    3.4380153366e-01   -2.7319603444e+00   -1.2775667423e+01    1.4000000000e+02    2.8920000000e-03    7.6428571429e-01
       119   -1.0485828384e+01    1.1030086901e+02   -2.1348955816e+01    1.0863127431e+01   -6.5231181527e+00    7.3985090538e-01   -2.7900211450e+00   -1.2775667423e+01    1.4000000000e+02    2.8600000000e-03    7.5044642857e-01
       120   -1.0510730469e+01    1.1088431110e+02   -2.2594559037e+01    1.2083828568e+01   -7.7106902650e+00    5.3606221559e-01   -2.6442635646e+00   -1.2775667423e+01    1.4000000000e+02    2.8470000000e-03    7.5669642857e-01
       121   -1.0459980566e+01    1.0987910724e+02   -2.2061053711e+01    1.1601073146e+01   -6.8492887912e+00    3.4076785970e-01   -2.7768653566e+00   -1.2775667423e+01    1.4000000000e+02    2.8630000000e-03    7.5491071429e-01
       122   -1.0495659694e+01    1.1056522690e+02   -2.2006082661e+01    1.1510422966e+01   -6.8554954095e+00    3.5170050853e-01   -2.7266203364e+00   -1.2775667423e+01    1.4000000000e+02    2.9300000000e-03    7.6473214286e-01
       123   -1.0618440388e+01    1.1298584941e+02   -2.1643378199e+01    1.1024937812e+01   -6.9194503163e+00    7.5231941935e-01   -2.7005798792e+00   -1.2775667423e+01    1.4000000000e+02    2.9280000000e-03    7.6785714286e-01
       124   -1.0481097565e+01    1.1013294273e+02   -2.1872099525e+01    1.1391001960e+01   -7.0602108322e+00    7.0636648713e-01   -2.7425877562e+00   -1.2775667423e+01    1.4000000000e+02    2.9590000000e-03    7.7455357143e-01
       125   -1.0636768343e+01    1.1352411987e+02   -2.1764806408e+01    1.1128038065e+01   -7.0324701609e+00    5.8025737077e-01   -2.5369261946e+00   -1.2775667423e+01    1.4000000000e+02    2.8460000000e-03    7.7500000000e-01
       126   -1.0484659588e+01    1.1027220424e+02   -2.1230643507e+01    1.0745983919e+01   -6.4617097326e+00    6.9946475397e-01   -2.6927311048e+00   -1.2775667423e+01    1.4000000000e+02    2.8420000000e-03    7.7544642857e-01
       127   -1.0436104191e+01    1.0938336599e+02   -2.1750826022e+01    1.1314721831e+01   -7.1744450478e+00    8.3075587447e-01   -2.6314694250e+00   -1.2775667423e+01    1.4000000000e+02    2.8280000000e-03    7.7321428571e-01
       128   -1.0452555074e+01    1.0964378590e+02   -2.1902296591e+01    1.1449741517e+01   -6.8446946316e+00    3.5822383744e-01   -2.6401583734e+00   -1.2775667423e+01    1.4000000000e+02    2.8340000000e-03    7.5848214286e-01
       129   -1.0540983972e+01    1.1181988636e+02   -2.2170258484e+01    1.1629274512e+01   -7.4307178380e+00    5.3729459131e-01   -2.5011678143e+00   -1.2775667423e+01    1.4000000000e+02    2.8760000000e-03    7.6250000000e-01
       130   -1.0525294602e+01    1.1121585629e+02   -2.2207969590e+01    1.1682674987e+01   -7.6901763097e+00    8.1687781621e-01   -2.5590036728e+00   -1.2775667423e+01    1.4000000000e+02    2.8440000000e-03    7.4464285714e-01
       131   -1.0478107572e+01    1.1010415355e+02   -2.1961911390e+01    1.1483803818e+01   -6.9613026811e+00    7.0069619546e-01   -2.9256374811e+00   -1.2775667423e+01    1.4000000000e+02    2.8220000000e-03    7.7500000000e-01
       132   -1.0544422276e+01    1.1151954960e+02   -2.2313689388e+01    1.1769267112e+01   -7.8898806850e+00    8.8800340924e-01   -2.5361446890e+00   -1.2775667423e+01    1.4000000000e+02    2.9390000000e-03    7.6250000000e-01
       133   -1.0623718882e+01    1.1325075962e+02   -2.1900676831e+01    1.1276957949e+01   -6.8037655592e+00    6.2039669516e-01   -2.9416405433e+00   -1.2775667423e+01    1.4000000000e+02    2.8010000000e-03    7.7053571429e-01
       134   -1.0530694965e+01    1.1114150219e+02   -2.2104705654e+01    1.1574010689e+01   -7.2959231187e+00    7.1765209896e-01   -2.7507672107e+00   -1.2775667423e+01    1.4000000000e+02    2.9920000000e-03    7.7053571429e-01
       135   -1.0415122775e+01    1.0880916145e+02   -2.2327516581e+01    1.1912393807e+01   -6.9048534130e+00    2.1843003202e-01   -2.8654257771e+00   -1.2775667423e+01    1.4000000000e+02    2.9410000000e-03    7.5223214286e-01
       136   -1.0539037967e+01    1.1145200798e+02   -2.2654167351e+01    1.2115129384e+01   -7.7900352313e+00    5.4380424111e-01   -2.6322689375e+00   -1.2775667423e+01    1.4000000000e+02    2.8850000000e-03    7.6651785714e-01
       137   -1.0385408294e+01    1.0821989858e+02   -2.1178575234e+01    1.0793166939e+01   -6.0112498442e+00    5.1590006666e-01   -2.9075580331e+00   -1.2775667423e+01    1.4000000000e+02    2.7700000000e-03    7.5758928571e-01
       138   -1.0547993414e+01    1.1156403582e+02   -2.2146488477e+01    1.1598495063e+01   -7.2283407235e+00    5.7569591039e-01   -2.7181762403e+00   -1.2775667423e+01    1.4000000000e+02    2.8530000000e-03    7.6875000000e-01
       139   -1.0499928154e+01    1.1051308445e+02   -2.2069471486e+01    1.1569543332e+01   -7.3356774354e+00    7.3644380650e-01   -2.6945704340e+00   -1.2775667423e+01    1.4000000000e+02    2.9180000000e-03    7.5714285714e-01
       140   -1.0447179195e+01    1.0954675139e+02   -2.2338393661e+01    1.1891214466e+01   -7.5377660005e+00    6.6650988005e-01   -2.6914701172e+00   -1.2775667423e+01    1.4000000000e+02    2.8140000000e-03    7.6071428571e-01
       141   -1.0514582650e+01    1.1079365669e+02   -2.2192150522e+01    1.1677567872e+01   -6.9832708595e+00    3.7896422169e-01   -2.8121764613e+00   -1.2775667423e+01    1.4000000000e+02    2.7730000000e-03    7.6428571429e-01
       142   -1.0533127749e+01    1.1156800871e+02   -2.1666661347e+01    1.1133533597e+01   -6.8214096633e+00    5.0013465898e-01   -2.5697189189e+00   -1.2775667423e+01    1.4000000000e+02    2.8680000000e-03    7.6741071429e-01
       143   -1.0498921114e+01    1.1082315579e+02   -2.2339396978e+01    1.1840475864e+01   -7.4612630897e+00    5.6717489658e-01   -2.6696413617e+00   -1.2775667423e+01    1.4000000000e+02    2.8680000000e-03    7.6116071429e-01
       144   -1.0476288084e+01    1.1000654294e+02   -2.1829163240e+01    1.1352875155e+01   -6.7468450263e+00    4.8078812341e-01   -2.7874389135e+00   -1.2775667423e+01    1.4000000000e+02    2.8650000000e-03    7.6383928571e-01
       145   -1.0434128652e+01    1.0942888903e+02   -2.2303328146e+01    1.1869199493e+01   -7.2663030063e+00    5.3973386381e-01   -2.8010915799e+00   -1.2775667423e+01    1.4000000000e+02    2.8100000000e-03    7.5848214286e-01
       146   -1.0556377452e+01    1.1181193993e+02   -2.1092965734e+01    1.0536588282e+01   -5.9912993490e+00    5.5868662579e-01   -2.8846855875e+00   -1.2775667423e+01    1.4000000000e+02    2.7990000000e-03    7.6205357143e-01
       147   -1.0508082277e+01    1.1134961385e+02   -2.1477884916e+01    1.0969802639e+01   -6.5089461483e+00    5.3694588256e-01   -2.7302172273e+00   -1.2775667423e+01    1.4000000000e+02    2.8610000000e-03    7.5758928571e-01
       148   -1.0507649213e+01    1.1067004266e+02   -2.1297035409e+01    1.0789386197e+01   -6.4491429497e+00    7.5720513303e-01   -2.8294301693e+00   -1.2775667423e+01    1.4000000000e+02    2.9090000000e-03    7.7633928571e-01
       149   -1.0431897470e+01    1.0917597831e+02   -2.1508687792e+01    1.1076790322e+01   -6.5610899596e+00    5.3438541995e-01   -2.7063158286e+00   -1.2775667423e+01    1.4000000000e+02    2.8630000000e-03    7.6607142857e-01
       150   -1.0471307945e+01    1.1032570860e+02   -2.1961573065e+01    1.1490265120e+01   -6.6229973058e+00    3.2327306724e-01   -2.8861814030e+00   -1.2775667423e+01    1.4000000000e+02    2.8570000000e-03    7.6339285714e-01
       151   -1.0479671159e+01    1.1008454562e+02   -2.2318033285e+01    1.1838362126e+01   -7.5389268153e+00    7.7623067297e-01   -2.7796697197e+00   -1.2775667423e+01    1.4000000000e+02    2.9070000000e-03    7.5044642857e-01
       152   -1.0494638349e+01    1.1055871963e+02   -2.2336863198e+01    1.1842224848e+01   -7.6927840866e+00    6.5805197889e-01   -2.5264636668e+00   -1.2775667423e+01    1.4000000000e+02    2.7730000000e-03    7.4598214286e-01
       153   -1.0452012297e+01    1.0965449062e+02   -2.1307304137e+01    1.0855291840e+01   -6.5635439320e+00    7.3453766763e-01   -2.7026304490e+00   -1.2775667423e+01    1.4000000000e+02    2.7050000000e-03    7.6205357143e-01
       154   -1.0421748257e+01    1.0895796684e+02   -2.1535927214e+01    1.1114178957e+01   -6.9522705075e+00    7.9418742269e-01   -2.6021767057e+00   -1.2775667423e+01    1.4000000000e+02    2.6640000000e-03    7.5535714286e-01
       155   -1.0466766879e+01    1.0991206873e+02   -2.1691129978e+01    1.1224363099e+01   -6.9305384270e+00    4.9738862192e-01   -2.4823127500e+00   -1.2775667423e+01    1.4000000000e+02    2.8910000000e-03    7.6741071429e-01
       156   -1.0554166467e+01    1.1191303701e+02   -2.1412720146e+01    1.0858553679e+01   -6.6301129472e+00    5.4592543369e-01   -2.5528652093e+00   -1.2775667423e+01    1.4000000000e+02    2.8410000000e-03    7.6964285714e-01
       157   -1.0453879732e+01    1.0970798538e+02   -2.1949091738e+01    1.1495212006e+01   -7.2962013387e+00    8.5454428307e-01   -2.7317672592e+00   -1.2775667423e+01    1.4000000000e+02    2.9180000000e-03    7.6250000000e-01
       158   -1.0397954710e+01    1.0846699555e+02   -2.1591061933e+01    1.1193107223e+01   -6.3730354437e+00    2.6314754340e-01   -2.7055066098e+00   -1.2775667423e+01    1.4000000000e+02    2.9060000000e-03    7.7544642857e-01
       159   -1.0422473551e+01    1.0893093502e+02   -2.1240183591e+01    1.0817710040e+01   -6.3167353709e+00    6.4122367231e-01   -2.7890044687e+00   -1.2775667423e+01    1.4000000000e+02    2.8450000000e-03    7.5982142857e-01
       160   -1.0509017268e+01    1.1079964125e+02   -2.2211051493e+01    1.1702034225e+01   -6.9071837527e+00    2.6158647882e-01   -2.7897867959e+00   -1.2775667423e+01    1.4000000000e+02    2.8280000000e-03    7.6116071429e-01
       161   -1.0577036708e+01    1.1228051816e+02   -2.2176612199e+01    1.1599575492e+01   -7.2083334405e+00    6.2087851241e-01   -2.8134898478e+00   -1.2775667423e+01    1.4000000000e+02    2.9810000000e-03    7.6651785714e-01
       162   -1.0497034154e+01    1.1050969040e+02   -2.2640493577e+01    1.2143459423e+01   -7.9562831671e+00    5.1951221170e-01   -2.4280551980e+00   -1.2775667423e+01    1.4000000000e+02    2.9310000000e-03    7.4955357143e-01
       163   -1.0460736974e+01    1.0975565371e+02   -2.3045485615e+01    1.2584748641e+01   -8.3573416667e+00    7.2099584090e-01   -2.6334723660e+00   -1.2775667423e+01    1.4000000000e+02    2.8960000000e-03    7.5535714286e-01
       164   -1.0467903063e+01    1.0991789334e+02   -2.2609771484e+01    1.2141868421e+01   -7.8260608095e+00    4.7333621005e-01   -2.4813794617e+00   -1.2775667423e+01    1.4000000000e+02    2.8000000000e-03    7.5937500000e-01
       165   -1.0481966537e+01    1.1028074737e+02   -2.2226517059e+01    1.1744550523e+01   -7.4880581185e+00    7.9554896237e-01   -2.7583404796e+00   -1.2775667423e+01    1.4000000000e+02    2.8210000000e-03    7.6428571429e-01
       166   -1.0572011737e+01    1.1209279814e+02   -2.2507117515e+01    1.1935105778e+01   -7.7509329091e+00    5.7500411803e-01   -2.5555213004e+00   -1.2775667423e+01    1.4000000000e+02    2.8620000000e-03    7.5133928571e-01
       167   -1.0442738858e+01    1.0933351682e+02   -2.1109813500e+01    1.0667074642e+01   -6.2839457915e+00    6.7068509405e-01   -2.7208853792e+00   -1.2775667423e+01    1.4000000000e+02    2.9210000000e-03    7.6785714286e-01
       168   -1.0469279235e+01    1.1010769003e+02   -2.1248008584e+01    1.0778729348e+01   -6.4237743422e+00    5.7934537112e-01   -2.6279121894e+00   -1.2775667423e+01    1.4000000000e+02    2.8760000000e-03    7.6830357143e-01
       169   -1.0459027372e+01    1.0976865587e+02   -2.1663121724e+01    1.1204094352e+01   -6.7686511777e+00    5.3989435468e-01   -2.6586974778e+00   -1.2775667423e+01    1.4000000000e+02    2.7930000000e-03    7.6741071429e-01
       170   -1.0624542042e+01    1.1323696242e+02   -2.2618377921e+01    1.1993835879e+01   -7.8866148193e+00    7.0429264009e-01   -2.6603883185e+00   -1.2775667423e+01    1.4000000000e+02    2.7920000000e-03    7.6785714286e-01
       171   -1.0510260833e+01    1.1083159400e+02   -2.1565465766e+01    1.1055204933e+01   -6.7603436554e+00    5.8758136980e-01   -2.6170360571e+00   -1.2775667423e+01    1.4000000000e+02    2.9840000000e-03    7.6473214286e-01
       172   -1.0523088552e+01    1.1106222853e+02   -2.1760562046e+01    1.1237473494e+01   -6.5980060239e+00    6.0683021542e-01   -2.9937188138e+00   -1.2775667423e+01    1.4000000000e+02    2.8290000000e-03    7.6250000000e-01
       173   -1.0440347764e+01    1.0933464487e+02   -2.2153873839e+01    1.1713526075e+01   -7.5987525081e+00    8.4010529245e-01   -2.6195591997e+00   -1.2775667423e+01    1.4000000000e+02    2.9500000000e-03    7.7723214286e-01
       174   -1.0415117062e+01    1.0883087250e+02   -2.3025170825e+01    1.2610053763e+01   -7.8858173579e+00    3.9938845283e-01   -2.7630744965e+00   -1.2775667423e+01    1.4000000000e+02    2.8400000000e-03    7.4955357143e-01
       175   -1.0533487714e+01    1.1126881463e+02   -2.2274017021e+01    1.1740529307e+01   -7.1435331785e+00    5.6780997008e-01   -2.9226263896e+00   -1.2775667423e+01    1.4000000000e+02    2.8480000000e-03    7.5892857143e-01
       176   -1.0442009441e+01    1.0933695597e+02   -2.1552711332e+01    1.1110701890e+01   -6.4701957677e+00    5.2977391071e-01   -2.8366220513e+00   -1.2775667423e+01    1.4000000000e+02    2.8920000000e-03    7.6294642857e-01
       177   -1.0497662296e+01    1.1054589354e+02   -2.1348454205e+01    1.0850791909e+01   -6.6061480633e+00    7.7048825579e-01   -2.7371269743e+00   -1.2775667423e+01    1.4000000000e+02    2.8130000000e-03    7.6785714286e-01
       178   -1.0455605697e+01    1.0965710763e+02   -2.2027195262e+01    1.1571589565e+01   -7.3819263038e+00    7.4590910561e-01   -2.6155106403e+00   -1.2775667423e+01    1.4000000000e+02    3.0140000000e-03    7.4285714286e-01
       179   -1.0463283632e+01    1.0972892669e+02   -2.1708086931e+01    1.1244803299e+01   -6.4732002104e+00    4.1294816401e-01   -2.8721674616e+00   -1.2775667423e+01    1.4000000000e+02    2.9570000000e-03    7.7187500000e-01
       180   -1.0476936786e+01    1.1001273179e+02   -2.1656064305e+01    1.1179127519e+01   -6.7825210169e+00    5.4919641898e-01   -2.6470722833e+00   -1.2775667423e+01    1.4000000000e+02    2.9250000000e-03    7.5133928571e-01
       181   -1.0468929891e+01    1.0998682800e+02   -2.1854816194e+01    1.1385886303e+01   -6.8896777861e+00    7.2412725969e-01   -2.9135982445e+00   -1.2775667423e+01    1.4000000000e+02    2.8360000000e-03    7.6651785714e-01
       182   -1.0484583974e+01    1.1027091448e+02   -2.2026946673e+01    1.1542362699e+01   -7.0811696797e+00    5.6302112901e-01   -2.7331306989e+00   -1.2775667423e+01    1.4000000000e+02    3.0370000000e-03    7.6294642857e-01
       183   -1.0550804880e+01    1.1190338076e+02   -2.2218791164e+01    1.1667986284e+01   -7.3005451030e+00    5.7109690291e-01   -2.7136755409e+00   -1.2775667423e+01    1.4000000000e+02    2.9890000000e-03    7.4017857143e-01
       184   -1.0507596641e+01    1.1065690847e+02   -2.1283099112e+01    1.0775502472e+01   -6.3717155754e+00    7.8244235193e-01   -2.9181584656e+00   -1.2775667423e+01    1.4000000000e+02    2.9870000000e-03    7.6071428571e-01
       185   -1.0488380103e+01    1.1029612369e+02   -2.0960568382e+01    1.0472188279e+01   -6.0679289671e+00    5.5753168296e-01   -2.6745036743e+00   -1.2775667423e+01    1.4000000000e+02    2.9470000000e-03    7.6875000000e-01
       186   -1.0515395864e+01    1.1086080204e+02   -2.1565084917e+01    1.1049689053e+01   -6.7083231575e+00    7.2411052865e-01   -2.8052048650e+00   -1.2775667423e+01    1.4000000000e+02    2.9170000000e-03    7.5223214286e-01
       187   -1.0548463322e+01    1.1149791568e+02   -2.1791091847e+01    1.1242628525e+01   -6.9532963187e+00    6.7049726474e-01   -2.7326253693e+00   -1.2775667423e+01    1.4000000000e+02    2.9090000000e-03    7.6205357143e-01
       188   -1.0449000134e+01    1.0948401811e+02   -2.3321380625e+01    1.2872380491e+01   -8.1845690849e+00    4.4164653748e-01   -2.8027906538e+00   -1.2775667423e+01    1.4000000000e+02    2.8570000000e-03    7.4151785714e-01
       189   -1.0483130021e+01    1.1012685455e+02   -2.2478375485e+01    1.1995245464e+01   -7.4796672521e+00    5.6714698657e-01   -2.7901877963e+00   -1.2775667423e+01    1.4000000000e+02    2.8700000000e-03    7.6517857143e-01
       190   -1.0474520629e+01    1.1002296393e+02   -2.2295352763e+01    1.1820832134e+01   -7.4909367633e+00    5.6647240374e-01   -2.5952209800e+00   -1.2775667423e+01    1.4000000000e+02    3.0050000000e-03    7.6696428571e-01
       191   -1.0539066260e+01    1.1138927425e+02   -2.1602688607e+01    1.1063622347e+01   -6.5696731950e+00    3.9357240232e-01   -2.6509203908e+00   -1.2775667423e+01    1.4000000000e+02    2.9080000000e-03    7.7723214286e-01
       192   -1.0467504860e+01    1.0988839978e+02   -2.1483022196e+01    1.1015517336e+01   -6.6042742959e+00    7.1228347937e-01   -2.8153639561e+00   -1.2775667423e+01    1.4000000000e+02    2.9960000000e-03    7.6071428571e-01
       193   -1.0493446199e+01    1.1054032042e+02   -2.2160449021e+01    1.1667002822e+01   -7.4353250879e+00    7.1404665904e-01   -2.6635031691e+00   -1.2775667423e+01    1.4000000000e+02    2.8920000000e-03    7.7008928571e-01
       194   -1.0442340072e+01    1.0980762915e+02   -2.2359014467e+01    1.1916674395e+01   -7.1596773176e+00    2.4152207310e-01   -2.6651917989e+00   -1.2775667423e+01    1.4000000000e+02    2.7890000000e-03    7.5133928571e-01
       195   -1.0381430800e+01    1.0809929278e+02   -2.2051302352e+01    1.1669871552e+01   -7.2119358912e+00    5.3548396437e-01   -2.5991830014e+00   -1.2775667423e+01    1.4000000000e+02    2.9940000000e-03    7.6964285714e-01
       196   -1.0614215102e+01    1.1310868753e+02   -2.1833864816e+01    1.1219649714e+01   -7.3300214833e+00    7.9550683542e-01   -2.5236827443e+00   -1.2775667423e+01    1.4000000000e+02    2.8700000000e-03    7.7678571429e-01
       197   -1.0426324654e+01    1.0914400900e+02   -2.1865715185e+01    1.1439390530e+01   -6.8822708838e+00    4.4879513488e-01   -2.6565720123e+00   -1.2775667423e+01    1.4000000000e+02    2.9430000000e-03    7.7857142857e-01
       198   -1.0468718898e+01    1.0993662617e+02   -2.1654042605e+01    1.1185323707e+01   -6.7238173551e+00    5.5493623171e-01   -2.7094940579e+00   -1.2775667423e+01    1.4000000000e+02    2.8160000000e-03    7.6919642857e-01
       199   -1.0482991253e+01    1.1020149966e+02   -2.1159591439e+01    1.0676600186e+01   -6.1671303932e+00    4.4773008055e-01   -2.6645237030e+00   -1.2775667423e+01    1.4000000000e+02    2.9110000000e-03    7.6830357143e-01
