$grad
  cycle =      1    SCF energy =   -41.82150596320   |dE/dxyz| =  0.854791
    6.31735443460613      2.17696449556275      0.00000000000000      C 
    3.93252006533514      3.31268989645963      0.00000000000000      N 
    1.71398159503074      1.72531995177846      0.00000000000000      C 
    1.67996652478757     -0.60849181212778      0.00000000000000      O 
   -0.50833632752290      3.11993783174835      0.00000000000000      N 
   -0.55368975451379      5.68429618285828      0.00000000000000      C 
   -2.57569670785766      6.78033733513814      0.00000000000000      O 
    1.82925488863259      6.80679350088283      0.00000000000000      C 
    3.94952760045672      5.85626126019875      0.00000000000000      C 
    6.11137428702250      7.27355585366408      0.00000000000000      N 
    8.37337645819317      5.85059208182488      0.00000000000000      C 
    8.11826343136941      3.45063990355692      0.00000000000000      N 
    5.95830647092825      9.38060048261587      0.00000000000000      C 
    6.21152977162739      0.12850137647419      0.00000000000000      H 
   -2.18641312618585      2.21475901805516      0.00000000000000      H 
    1.81791653188486      8.84580798934828      0.00000000000000      H 
   10.14027038471328      6.87104418911992      0.00000000000000      H 
    7.75732574156691     10.36892724579236      0.00000000000000      H 
    5.01344340861803     10.24987449994127      1.66295898966599      H 
    5.01344340861803     10.24987449994127     -1.66295898966599      H 
   -0.77478771109438     -2.09381654607945      0.00000000000000      C 
   -1.93507955161133     -1.68185625091219      1.67051789416447      H 
   -1.93507955161133     -1.68185625091219     -1.67051789416447      H 
   -0.21920823045597     -4.07047007243243      0.00000000000000      H 
   1.5322414557620E-01   1.2474290194326E-01   5.8925548984931E-17
   4.6496794254061E-02   1.1319098611024E-01  -1.4008556407593E-18
  -2.7768531111423E-02  -1.7414434765438E-01  -6.9444115577515E-17
   1.3530923228730E-02   1.3772433481615E-01   4.9050554439019E-17
   3.1574247870294E-03   2.3387580823788E-02   1.4674079637929E-16
   3.1664242983769E-02  -9.9191794125194E-03  -2.1301714921024E-16
   4.3946348998569E-03  -1.6566676810641E-03   1.2758678551323E-16
   1.5076684670229E-01  -1.3643691973614E-01   5.9499499715728E-17
  -1.3329405429045E-01   7.2143831338906E-02   2.0348588554966E-16
  -2.8782359635741E-02   5.0297374625149E-01  -8.2230445943174E-17
  -9.5210275583314E-03  -2.7478790090379E-03  -2.8366116178684E-16
  -2.0656929650220E-01  -8.2582186564163E-02   7.5921250783871E-17
   2.4288979571808E-02  -5.0376193389663E-01  -8.0008244434953E-18
  -7.1381443880474E-03  -1.8819630246034E-03   1.0551083489763E-16
   1.2439156908367E-03  -5.8885626533104E-04  -1.1346650398732E-16
   1.6586944395165E-02  -4.6838557802566E-03  -6.2352860100768E-17
   4.9278861113092E-03   4.9992771100474E-03  -7.0830707413438E-17
  -1.7756864767624E-02  -6.9320235801122E-03   1.3802752766980E-16
   1.0376708164185E-02  -1.3430384101600E-02  -1.1309523047595E-02
   1.0376708164185E-02  -1.3430384101600E-02   1.1309523047595E-02
  -1.9768497297421E-02  -2.2080106578387E-02  -1.5104752021198E-16
  -8.3778424311358E-03  -7.6790796115653E-04   3.5254638537434E-05
  -8.3778424311359E-03  -7.6790796115656E-04  -3.5254638537317E-05
  -3.6816941159170E-03  -3.3501550857427E-03   2.1110133412311E-17
$end
