           1           2  0.98426304391185082     
           1           3  0.13558894571403443     
           2           3   1.1843100272647797     
           3           4   1.1760086314699580     
           3           5   1.0920101764670980     
           5           6   1.1020131804044786     
           5           7  0.13119058243131987     
           6           7   1.6345015279712067     
           6           8   1.1282164418390701     
           2           9   1.1020116388861820     
           8           9   1.5489521287407542     
           8          10  0.10111747091355339     
           9          10   1.1123112208435302     
           1          11  0.13437919389313194     
           3          11  0.18413629625646788     
          10          11  0.94099460534436541     
           1          12   1.5754510757425724     
          11          12   1.4446164839015763     
          10          13   1.1971082671891629     
           1          14  0.94671018896116588     
           5          15  0.92021756622390083     
           8          16  0.94387546312712090     
          11          17  0.96063733688310649     
          13          18  0.93943572475193426     
          13          19  0.90448901904452805     
          13          20  0.90448901904452750     
           4          21  0.90478631125938769     
          21          22  0.97738379011023824     
          21          23  0.97738379011023802     
          21          24  0.97877985172072779     
