#   index    LocalEnergy         LocalEnergy_sq      LocalPotential      Kinetic             LocalECP            NonLocalECP         ElecElec            IonIon              BlockWeight         BlockCPU            AcceptRatio         
         0   -1.0457881212e+01    1.0971690409e+02   -2.2253551618e+01    1.1795670407e+01   -7.0499487035e+00    3.4820753454e-01   -2.7761430262e+00   -1.2775667423e+01    1.2319774922e+03    1.7294000000e-02    9.9852195946e-01
         1   -1.0493065471e+01    1.1043499226e+02   -2.2035587473e+01    1.1542522002e+01   -6.8983656596e+00    3.8724507506e-01   -2.7487994652e+00   -1.2775667423e+01    1.2759818486e+03    1.5995000000e-02    9.9882075472e-01
         2   -1.0470052584e+01    1.1000478092e+02   -2.2955678978e+01    1.2485626394e+01   -7.8737082091e+00    3.8665986314e-01   -2.6929632085e+00   -1.2775667423e+01    1.2949378022e+03    1.5195000000e-02    9.9768339768e-01
         3   -1.0506566147e+01    1.1076569129e+02   -2.2823754730e+01    1.2317188583e+01   -7.8057566838e+00    5.1454145082e-01   -2.7568720735e+00   -1.2775667423e+01    1.3000805259e+03    1.5587000000e-02    9.9817307692e-01
         4   -1.0532605336e+01    1.1131556865e+02   -2.2914059350e+01    1.2381454014e+01   -8.0875259120e+00    5.3923611125e-01   -2.5901021262e+00   -1.2775667423e+01    1.2702657921e+03    1.5800000000e-02    9.9685039370e-01
         5   -1.0604395744e+01    1.1306731555e+02   -2.2678484746e+01    1.2074089002e+01   -8.2051416831e+00    7.3854330443e-01   -2.4362189440e+00   -1.2775667423e+01    1.2476761919e+03    1.5193000000e-02    9.9799518845e-01
         6   -1.0585681968e+01    1.1239881843e+02   -2.2232487532e+01    1.1646805563e+01   -7.5523846209e+00    6.4353493535e-01   -2.5479704227e+00   -1.2775667423e+01    1.2345198483e+03    1.5051000000e-02    9.9746758509e-01
         7   -1.0593839419e+01    1.1273980607e+02   -2.1936086215e+01    1.1342246795e+01   -7.1664582025e+00    6.9071206389e-01   -2.6846726528e+00   -1.2775667423e+01    1.2603790862e+03    1.5758000000e-02    9.9742063492e-01
         8   -1.0496772850e+01    1.1049575186e+02   -2.1381849329e+01    1.0885076480e+01   -6.6986425774e+00    8.3397576707e-01   -2.7415150957e+00   -1.2775667423e+01    1.2428478139e+03    1.5362000000e-02    9.9818986323e-01
         9   -1.0458921147e+01    1.0965232221e+02   -2.1468713613e+01    1.1009792466e+01   -6.5099638037e+00    6.5829923653e-01   -2.8413816227e+00   -1.2775667423e+01    1.2178256741e+03    1.5245000000e-02    9.9866584565e-01
        10   -1.0495941198e+01    1.1050613633e+02   -2.1534019379e+01    1.1038078181e+01   -6.6444542910e+00    6.5965299915e-01   -2.7735506638e+00   -1.2775667423e+01    1.1951902806e+03    1.4944000000e-02    9.9801255230e-01
        11   -1.0638899895e+01    1.1352586588e+02   -2.1464685064e+01    1.0825785169e+01   -6.6986257049e+00    7.2887067579e-01   -2.7192626114e+00   -1.2775667423e+01    1.1800613961e+03    1.4809000000e-02    9.9734944869e-01
        12   -1.0580002419e+01    1.1229380659e+02   -2.1514300828e+01    1.0934298409e+01   -6.6266514479e+00    6.0921876081e-01   -2.7212007180e+00   -1.2775667423e+01    1.2374984652e+03    1.4858000000e-02    9.9808003234e-01
        13   -1.0475386653e+01    1.1005099308e+02   -2.1572363409e+01    1.1096976757e+01   -6.7417555904e+00    6.8382009744e-01   -2.7387604931e+00   -1.2775667423e+01    1.2457556638e+03    1.4851000000e-02    9.9809390048e-01
        14   -1.0474301084e+01    1.0996401117e+02   -2.1319063610e+01    1.0844762526e+01   -6.2711591571e+00    4.7137631160e-01   -2.7436133412e+00   -1.2775667423e+01    1.2637052720e+03    1.4932000000e-02    9.9851661392e-01
        15   -1.0464136679e+01    1.0986483392e+02   -2.1947135669e+01    1.1482998990e+01   -6.7129631054e+00    2.1735795823e-01   -2.6758630982e+00   -1.2775667423e+01    1.3004642037e+03    1.5120000000e-02    9.9759800154e-01
        16   -1.0463449554e+01    1.0991921865e+02   -2.2249288737e+01    1.1785839183e+01   -7.0316661154e+00    3.8015711691e-01   -2.8221123150e+00   -1.2775667423e+01    1.3094308030e+03    1.5267000000e-02    9.9761450382e-01
        17   -1.0571003607e+01    1.1200570480e+02   -2.1511058034e+01    1.0940054428e+01   -6.4820235219e+00    5.1639325603e-01   -2.7697603451e+00   -1.2775667423e+01    1.3001945138e+03    1.5479000000e-02    9.9721153846e-01
        18   -1.0623099692e+01    1.1318441980e+02   -2.1207022703e+01    1.0583923011e+01   -6.3915526111e+00    8.0268131035e-01   -2.8424839789e+00   -1.2775667423e+01    1.3004879930e+03    1.5153000000e-02    9.9807692308e-01
        19   -1.0623882298e+01    1.1324999008e+02   -2.1977428981e+01    1.1353546683e+01   -6.9388637446e+00    5.9866899054e-01   -2.8615668038e+00   -1.2775667423e+01    1.3074495874e+03    1.5637000000e-02    9.9799158378e-01
        20   -1.0540669883e+01    1.1144165966e+02   -2.1658949691e+01    1.1118279808e+01   -6.7885754469e+00    6.2753012725e-01   -2.7222369478e+00   -1.2775667423e+01    1.3098788529e+03    1.5933000000e-02    9.9770992366e-01
        21   -1.0502459572e+01    1.1068059697e+02   -2.1762897391e+01    1.1260437819e+01   -7.1540909343e+00    7.2313563796e-01   -2.5562746712e+00   -1.2775667423e+01    1.2847580581e+03    1.5523000000e-02    9.9766536965e-01
        22   -1.0513295625e+01    1.1082724668e+02   -2.2166571614e+01    1.1653275989e+01   -7.5125421028e+00    7.7832332387e-01   -2.6566854112e+00   -1.2775667423e+01    1.2788569781e+03    1.5431000000e-02    9.9716575450e-01
        23   -1.0537517635e+01    1.1154756248e+02   -2.2353440305e+01    1.1815922671e+01   -7.8566216747e+00    9.5719162827e-01   -2.6783428357e+00   -1.2775667423e+01    1.2839119223e+03    1.5489000000e-02    9.9756619938e-01
        24   -1.0541097541e+01    1.1143043927e+02   -2.3005022605e+01    1.2463925064e+01   -8.2549907463e+00    7.4352921389e-01   -2.7178936491e+00   -1.2775667423e+01    1.2441983786e+03    1.5141000000e-02    9.9849276527e-01
        25   -1.0536550341e+01    1.1133874112e+02   -2.2124264253e+01    1.1587713911e+01   -7.3755274002e+00    7.4179038769e-01   -2.7148598168e+00   -1.2775667423e+01    1.2342464755e+03    1.4854000000e-02    9.9736628849e-01
        26   -1.0595356573e+01    1.1258884755e+02   -2.1796203436e+01    1.1200846864e+01   -6.9962248287e+00    7.5235388078e-01   -2.7766650651e+00   -1.2775667423e+01    1.2525069535e+03    1.4715000000e-02    9.9800319489e-01
        27   -1.0490147669e+01    1.1039889995e+02   -2.2362774837e+01    1.1872627168e+01   -7.3042620252e+00    4.7446314592e-01   -2.7573085338e+00   -1.2775667423e+01    1.2886578460e+03    1.6140000000e-02    9.9738169123e-01
        28   -1.0528355814e+01    1.1115234554e+02   -2.2393404653e+01    1.1865048839e+01   -7.5964032059e+00    6.9312779981e-01   -2.7144618233e+00   -1.2775667423e+01    1.3118129446e+03    1.5160000000e-02    9.9714176829e-01
        29   -1.0468874648e+01    1.0995569208e+02   -2.2512487134e+01    1.2043612486e+01   -7.6544455787e+00    4.1995663595e-01   -2.5023307675e+00   -1.2775667423e+01    1.3193532135e+03    1.5603000000e-02    9.9734848485e-01
        30   -1.0440721997e+01    1.0932184522e+02   -2.1924897928e+01    1.1484175931e+01   -7.0103061164e+00    5.2778793807e-01   -2.6667123268e+00   -1.2775667423e+01    1.3261661306e+03    1.5906000000e-02    9.9830444612e-01
        31   -1.0459267670e+01    1.0967316537e+02   -2.1588847219e+01    1.1129579550e+01   -6.3893885758e+00    3.7443307780e-01   -2.7982242981e+00   -1.2775667423e+01    1.2865213638e+03    1.5199000000e-02    9.9815462315e-01
        32   -1.0542345416e+01    1.1148316882e+02   -2.1153148544e+01    1.0610803128e+01   -6.3446516216e+00    7.5710089105e-01   -2.7899303902e+00   -1.2775667423e+01    1.3188984159e+03    1.5520000000e-02    9.9744124337e-01
        33   -1.0484585988e+01    1.1023894124e+02   -2.1960831771e+01    1.1476245783e+01   -6.9182048201e+00    6.4777268095e-01   -2.9147322081e+00   -1.2775667423e+01    1.2826893932e+03    1.5402000000e-02    9.9756430242e-01
        34   -1.0536631403e+01    1.1142610724e+02   -2.2644319895e+01    1.2107688492e+01   -7.9071714381e+00    7.2378348198e-01   -2.6852645151e+00   -1.2775667423e+01    1.2740995437e+03    1.4976000000e-02    9.9852825746e-01
        35   -1.0549395254e+01    1.1162772812e+02   -2.2522401413e+01    1.1973006160e+01   -7.7800878827e+00    8.2289571280e-01   -2.7895418202e+00   -1.2775667423e+01    1.2930583348e+03    1.4907000000e-02    9.9748646558e-01
        36   -1.0515935986e+01    1.1099895862e+02   -2.2694303227e+01    1.2178367241e+01   -7.4000618823e+00    1.9389837315e-01   -2.7124722944e+00   -1.2775667423e+01    1.2540604616e+03    1.5581000000e-02    9.9860446571e-01
        37   -1.0540670995e+01    1.1144512148e+02   -2.2052089275e+01    1.1511418280e+01   -7.1480672840e+00    3.8328736417e-01   -2.5116419315e+00   -1.2775667423e+01    1.2601757918e+03    1.4983000000e-02    9.9861111111e-01
        38   -1.0571890360e+01    1.1203608953e+02   -2.2159567636e+01    1.1587677276e+01   -7.3530431902e+00    6.2930514732e-01   -2.6601621697e+00   -1.2775667423e+01    1.2713258784e+03    1.5741000000e-02    9.9813139260e-01
        39   -1.0508058327e+01    1.1075172835e+02   -2.2227863233e+01    1.1719804906e+01   -7.7421011042e+00    9.1510563523e-01   -2.6252003409e+00   -1.2775667423e+01    1.2321253008e+03    1.5288000000e-02    9.9817370130e-01
        40   -1.0422050670e+01    1.0908885202e+02   -2.2345646348e+01    1.1923595677e+01   -7.4514694290e+00    5.5689336727e-01   -2.6754028625e+00   -1.2775667423e+01    1.1957729241e+03    1.4730000000e-02    9.9676003344e-01
        41   -1.0542223644e+01    1.1150853189e+02   -2.1970244625e+01    1.1428020981e+01   -7.1669493343e+00    6.6236174845e-01   -2.6899896160e+00   -1.2775667423e+01    1.2044433058e+03    1.5288000000e-02    9.9844269103e-01
        42   -1.0502137279e+01    1.1066943981e+02   -2.1779279790e+01    1.1277142511e+01   -7.0753792137e+00    8.1409377507e-01   -2.7423269280e+00   -1.2775667423e+01    1.2151890810e+03    1.4750000000e-02    9.9825102881e-01
        43   -1.0508613699e+01    1.1087181648e+02   -2.1430494640e+01    1.0921880940e+01   -6.7383432356e+00    6.7856059260e-01   -2.5950445732e+00   -1.2775667423e+01    1.2002521213e+03    1.4523000000e-02    9.9802083333e-01
        44   -1.0547068066e+01    1.1173606770e+02   -2.1659842362e+01    1.1112774296e+01   -7.2822384746e+00    9.6918460730e-01   -2.5711210712e+00   -1.2775667423e+01    1.2104810643e+03    1.5074000000e-02    9.9659090909e-01
        45   -1.0507564163e+01    1.1075555362e+02   -2.1943800633e+01    1.1436236471e+01   -7.5245202876e+00    8.3524588668e-01   -2.4788588088e+00   -1.2775667423e+01    1.2440688594e+03    1.5081000000e-02    9.9738745981e-01
        46   -1.0434263494e+01    1.0914650351e+02   -2.1882499604e+01    1.1448236110e+01   -7.2969228980e+00    7.4423268378e-01   -2.5541419665e+00   -1.2775667423e+01    1.2356740818e+03    1.5232000000e-02    9.9797734628e-01
        47   -1.0448408644e+01    1.0950511261e+02   -2.1536469858e+01    1.1088061215e+01   -6.7307924625e+00    6.2238366677e-01   -2.6523936394e+00   -1.2775667423e+01    1.2287966625e+03    1.6226000000e-02    9.9776240846e-01
        48   -1.0466473075e+01    1.0998665429e+02   -2.1702297805e+01    1.1235824730e+01   -6.7314368288e+00    5.0494270095e-01   -2.7001362536e+00   -1.2775667423e+01    1.2219407269e+03    1.6636000000e-02    9.9795417349e-01
        49   -1.0502659492e+01    1.1079851894e+02   -2.1576464001e+01    1.1073804509e+01   -6.7428774102e+00    6.0873201483e-01   -2.6666511822e+00   -1.2775667423e+01    1.2430735109e+03    1.7049000000e-02    9.9748592116e-01
        50   -1.0527818649e+01    1.1115464986e+02   -2.2096673811e+01    1.1568855163e+01   -7.2922472626e+00    6.4973086058e-01   -2.6784899862e+00   -1.2775667423e+01    1.2352582111e+03    1.7340000000e-02    9.9726720648e-01
        51   -1.0564623728e+01    1.1198827670e+02   -2.1786274022e+01    1.1221650295e+01   -7.1326243833e+00    7.0359651467e-01   -2.5815787303e+00   -1.2775667423e+01    1.2225482322e+03    1.7545000000e-02    9.9774959083e-01
        52   -1.0510485023e+01    1.1073972431e+02   -2.2039341459e+01    1.1528856436e+01   -7.2494227352e+00    7.4942629744e-01   -2.7636775983e+00   -1.2775667423e+01    1.2142669335e+03    1.7207000000e-02    9.9794069193e-01
        53   -1.0498112511e+01    1.1043062141e+02   -2.2147557281e+01    1.1649444769e+01   -7.3585135357e+00    7.4176188914e-01   -2.7551382109e+00   -1.2775667423e+01    1.1952813594e+03    1.7185000000e-02    9.9843096234e-01
        54   -1.0524824464e+01    1.1110876629e+02   -2.2166067604e+01    1.1641243140e+01   -7.2153252880e+00    6.1531588370e-01   -2.7903907767e+00   -1.2775667423e+01    1.1954179224e+03    1.6536000000e-02    9.9707112971e-01
        55   -1.0573212321e+01    1.1219325238e+02   -2.2034086177e+01    1.1460873856e+01   -7.1021739975e+00    6.4054878750e-01   -2.7967935436e+00   -1.2775667423e+01    1.1817690895e+03    1.6493000000e-02    9.9820067739e-01
        56   -1.0547688442e+01    1.1153809058e+02   -2.2066515336e+01    1.1518826894e+01   -7.0749466687e+00    5.5910212605e-01   -2.7750033698e+00   -1.2775667423e+01    1.1856153538e+03    1.8245000000e-02    9.9767932489e-01
        57   -1.0575976446e+01    1.1215856840e+02   -2.1538021359e+01    1.0962044913e+01   -6.4292770795e+00    6.6685354406e-01   -2.9999304000e+00   -1.2775667423e+01    1.2066677572e+03    1.7317000000e-02    9.9761608624e-01
        58   -1.0593205912e+01    1.1249556925e+02   -2.1628515275e+01    1.1035309363e+01   -6.6158621517e+00    6.7118954446e-01   -2.9081752447e+00   -1.2775667423e+01    1.2316782548e+03    1.6520000000e-02    9.9878147847e-01
        59   -1.0547027053e+01    1.1151812957e+02   -2.1632072727e+01    1.1085045674e+01   -6.4804347028e+00    5.2277013389e-01   -2.8987407343e+00   -1.2775667423e+01    1.2343611934e+03    1.6647000000e-02    9.9756888169e-01
        60   -1.0532592002e+01    1.1146861000e+02   -2.1538753292e+01    1.1006161290e+01   -6.5684895419e+00    6.7555585301e-01   -2.8701521798e+00   -1.2775667423e+01    1.2730712272e+03    1.7231000000e-02    9.9803613511e-01
        61   -1.0543676363e+01    1.1144273057e+02   -2.1580744145e+01    1.1037067782e+01   -6.8340313573e+00    7.4054357194e-01   -2.7115889363e+00   -1.2775667423e+01    1.3458078237e+03    1.7308000000e-02    9.9795690936e-01
        62   -1.0517534992e+01    1.1092538320e+02   -2.1775156829e+01    1.1257621837e+01   -6.9629315482e+00    8.6033368031e-01   -2.8968915379e+00   -1.2775667423e+01    1.3486060674e+03    1.6576000000e-02    9.9777613047e-01
        63   -1.0554466614e+01    1.1207019748e+02   -2.2226545508e+01    1.1672078894e+01   -7.1879255286e+00    5.8685630194e-01   -2.8498088576e+00   -1.2775667423e+01    1.3448392616e+03    1.8681000000e-02    9.9851301115e-01
        64   -1.0536122812e+01    1.1146769447e+02   -2.2489132809e+01    1.1953009998e+01   -7.6710494972e+00    7.2804772238e-01   -2.7704636113e+00   -1.2775667423e+01    1.3099050005e+03    2.0186000000e-02    9.9837786260e-01
        65   -1.0546671074e+01    1.1164630459e+02   -2.2664497102e+01    1.2117826028e+01   -8.3685360435e+00    9.3629323452e-01   -2.4565868694e+00   -1.2775667423e+01    1.2841046353e+03    1.7354000000e-02    9.9737149533e-01
        66   -1.0561538046e+01    1.1186163133e+02   -2.2944541282e+01    1.2383003236e+01   -8.7406982878e+00    1.0470100919e+00   -2.4751856630e+00   -1.2775667423e+01    1.2921820584e+03    1.6367000000e-02    9.9758126935e-01
        67   -1.0554401790e+01    1.1166817995e+02   -2.3023942074e+01    1.2469540285e+01   -8.3754386388e+00    8.5194582062e-01   -2.7247818328e+00   -1.2775667423e+01    1.3020757198e+03    1.6794000000e-02    9.9769585253e-01
        68   -1.0578911380e+01    1.1226888329e+02   -2.2626124454e+01    1.2047213074e+01   -8.2608127979e+00    1.0164694246e+00   -2.6061136576e+00   -1.2775667423e+01    1.3340762313e+03    1.7346000000e-02    9.9737631184e-01
        69   -1.0473719908e+01    1.1003808956e+02   -2.2183118230e+01    1.1709398322e+01   -7.4763462469e+00    6.9386135389e-01   -2.6249659141e+00   -1.2775667423e+01    1.3105114156e+03    1.6412000000e-02    9.9809305873e-01
        70   -1.0491687527e+01    1.1039582259e+02   -2.2230894871e+01    1.1739207344e+01   -7.7344728521e+00    7.5981178233e-01   -2.4805663782e+00   -1.2775667423e+01    1.3215327761e+03    1.6442000000e-02    9.9716338880e-01
        71   -1.0498659803e+01    1.1050830677e+02   -2.2506487362e+01    1.2007827559e+01   -7.7491560285e+00    6.2457203125e-01   -2.6062359413e+00   -1.2775667423e+01    1.3345667880e+03    1.8469000000e-02    9.9803370787e-01
        72   -1.0472458325e+01    1.1010228834e+02   -2.2615857386e+01    1.2143399062e+01   -7.8447168009e+00    5.5151559574e-01   -2.5469887580e+00   -1.2775667423e+01    1.3900676583e+03    1.9543000000e-02    9.9811286844e-01
        73   -1.0484148525e+01    1.1031390658e+02   -2.2733624645e+01    1.2249476120e+01   -7.7845189745e+00    5.8127078547e-01   -2.7547090330e+00   -1.2775667423e+01    1.3712492697e+03    1.8532000000e-02    9.9799562682e-01
        74   -1.0497675712e+01    1.1051649231e+02   -2.2328346774e+01    1.1830671062e+01   -7.4110936178e+00    5.2443797835e-01   -2.6660237110e+00   -1.2775667423e+01    1.3474690125e+03    1.8128000000e-02    9.9888724036e-01
        75   -1.0532663072e+01    1.1123961975e+02   -2.2155972168e+01    1.1623309096e+01   -7.0598775318e+00    4.2349173226e-01   -2.7439189450e+00   -1.2775667423e+01    1.3526892968e+03    1.8178000000e-02    9.9750554324e-01
        76   -1.0555189455e+01    1.1172831494e+02   -2.2011554142e+01    1.1456364687e+01   -6.8769222932e+00    5.7572351279e-01   -2.9346879380e+00   -1.2775667423e+01    1.3567958838e+03    2.0048000000e-02    9.9797347089e-01
        77   -1.0569578272e+01    1.1247645039e+02   -2.2297787876e+01    1.1728209604e+01   -7.1719943888e+00    5.3669682230e-01   -2.8868228861e+00   -1.2775667423e+01    1.3161423382e+03    1.8784000000e-02    9.9810030395e-01
        78   -1.0555498407e+01    1.1176759975e+02   -2.2754377943e+01    1.2198879536e+01   -7.6863110791e+00    5.0804128306e-01   -2.8004407239e+00   -1.2775667423e+01    1.2792043348e+03    1.8372000000e-02    9.9745895231e-01
        79   -1.0595154503e+01    1.1265912570e+02   -2.2075750051e+01    1.1480595548e+01   -7.2556536013e+00    7.0414749725e-01   -2.7485765238e+00   -1.2775667423e+01    1.2744422446e+03    1.8120000000e-02    9.9823390895e-01
        80   -1.0573807221e+01    1.1212462897e+02   -2.1827406409e+01    1.1253599188e+01   -6.8886021160e+00    5.8066631692e-01   -2.7438031862e+00   -1.2775667423e+01    1.2992360838e+03    1.8347000000e-02    9.9769053118e-01
        81   -1.0556818179e+01    1.1176206059e+02   -2.1912954392e+01    1.1356136213e+01   -6.9803700937e+00    4.7150369731e-01   -2.6284205723e+00   -1.2775667423e+01    1.2413355111e+03    1.7278000000e-02    9.9838839645e-01
        82   -1.0589543479e+01    1.1266992514e+02   -2.2668858974e+01    1.2079315495e+01   -7.6398319800e+00    4.2321581443e-01   -2.6765753850e+00   -1.2775667423e+01    1.2306261806e+03    1.7461000000e-02    9.9796747967e-01
        83   -1.0552904400e+01    1.1168413266e+02   -2.2598974032e+01    1.2046069631e+01   -8.0411449957e+00    7.5459427884e-01   -2.5367558914e+00   -1.2775667423e+01    1.2781847766e+03    1.6855000000e-02    9.9853286385e-01
        84   -1.0486401977e+01    1.1039288790e+02   -2.2286423940e+01    1.1800021963e+01   -7.5893928311e+00    4.3975426916e-01   -2.3611179553e+00   -1.2775667423e+01    1.3185241156e+03    1.7259000000e-02    9.9687263078e-01
        85   -1.0522251318e+01    1.1103476771e+02   -2.2468014112e+01    1.1945762793e+01   -7.4114097352e+00    3.9954924336e-01   -2.6804861963e+00   -1.2775667423e+01    1.3326975202e+03    1.7828000000e-02    9.9746811703e-01
        86   -1.0510012086e+01    1.1077848661e+02   -2.2735873099e+01    1.2225861013e+01   -7.7609974150e+00    4.2409193336e-01   -2.6233001940e+00   -1.2775667423e+01    1.3136941057e+03    1.6837000000e-02    9.9800228311e-01
        87   -1.0494288219e+01    1.1042206654e+02   -2.2718846603e+01    1.2224558383e+01   -7.5557595741e+00    2.7594666500e-01   -2.6633662702e+00   -1.2775667423e+01    1.2767987138e+03    1.6937000000e-02    9.9794440094e-01
        88   -1.0571696856e+01    1.1208743845e+02   -2.2873469886e+01    1.2301773030e+01   -7.9926725936e+00    6.6362184078e-01   -2.7687517103e+00   -1.2775667423e+01    1.3490034493e+03    1.8111000000e-02    9.9814677539e-01
        89   -1.0490364266e+01    1.1040423163e+02   -2.3002838084e+01    1.2512473818e+01   -8.2057439120e+00    7.0341946109e-01   -2.7248462095e+00   -1.2775667423e+01    1.4150184940e+03    1.9479000000e-02    9.9743997175e-01
        90   -1.0521443435e+01    1.1110961718e+02   -2.3114066615e+01    1.2592623180e+01   -8.5332077382e+00    7.9210040520e-01   -2.5972918581e+00   -1.2775667423e+01    1.4331572261e+03    2.0007000000e-02    9.9686192469e-01
        91   -1.0539560565e+01    1.1164509316e+02   -2.2678139731e+01    1.2138579166e+01   -7.8427924195e+00    4.8293093836e-01   -2.5426108267e+00   -1.2775667423e+01    1.4858762391e+03    2.0083000000e-02    9.9789845326e-01
        92   -1.0528837270e+01    1.1126755687e+02   -2.2861617615e+01    1.2332780345e+01   -7.9292742565e+00    4.6557458184e-01   -2.6222505171e+00   -1.2775667423e+01    1.4730077612e+03    1.9941000000e-02    9.9762550882e-01
        93   -1.0475752279e+01    1.1006943702e+02   -2.2074398867e+01    1.1598646588e+01   -7.0556391100e+00    4.2833311473e-01   -2.6714254484e+00   -1.2775667423e+01    1.4964612390e+03    1.9881000000e-02    9.9866488652e-01
        94   -1.0540078935e+01    1.1154732946e+02   -2.1803114716e+01    1.1263035781e+01   -6.6922576831e+00    3.4369040574e-01   -2.6788800158e+00   -1.2775667423e+01    1.5058114971e+03    2.0536000000e-02    9.9776045123e-01
        95   -1.0550972442e+01    1.1164288344e+02   -2.2197733389e+01    1.1646760947e+01   -7.2586281532e+00    5.1390291022e-01   -2.6773407227e+00   -1.2775667423e+01    1.4850495744e+03    2.0213000000e-02    9.9739232840e-01
        96   -1.0527713688e+01    1.1115146808e+02   -2.2349676258e+01    1.1821962570e+01   -7.5328470941e+00    6.6469639052e-01   -2.7058581307e+00   -1.2775667423e+01    1.4749695941e+03    2.0200000000e-02    9.9839092141e-01
        97   -1.0493765933e+01    1.1042235171e+02   -2.2444815808e+01    1.1951049875e+01   -7.6699257758e+00    7.1840653496e-01   -2.7176291441e+00   -1.2775667423e+01    1.4309926730e+03    2.0008000000e-02    9.9807960894e-01
        98   -1.0570408369e+01    1.1212254633e+02   -2.2248381086e+01    1.1677972717e+01   -7.7110417828e+00    8.2382933388e-01   -2.5855012139e+00   -1.2775667423e+01    1.3897098595e+03    1.8451000000e-02    9.9847122302e-01
        99   -1.0559850855e+01    1.1190177425e+02   -2.2786737397e+01    1.2226886542e+01   -8.0718934915e+00    6.4541774884e-01   -2.5845942312e+00   -1.2775667423e+01    1.3687425284e+03    1.7855000000e-02    9.9771731191e-01
